{
    "camera_angle_x": 0.8726646304130554,
    "frames": [
        {
            "file_path": "train/shape09115_rank04_45",
            "rotation": 0.06283185307179587,
            "transform_matrix": [
                [
                    0.951056718826294,
                    0.17998923361301422,
                    -0.2511868476867676,
                    -0.3971613049507141
                ],
                [
                    -0.3090161085128784,
                    0.5539515614509583,
                    -0.7730759978294373,
                    -1.2223405838012695
                ],
                [
                    -1.4901161193847656e-08,
                    0.8128600120544434,
                    0.5824589729309082,
                    0.9209486246109009
                ],
                [
                    0.0,
                    0.0,
                    0.0,
                    1.0
                ]
            ]
        },
        {
            "file_path": "train/shape09115_rank04_68",
            "rotation": 0.06283185307179587,
            "transform_matrix": [
                [
                    0.4257781207561493,
                    -0.5270249843597412,
                    0.7354981303215027,
                    1.162924885749817
                ],
                [
                    0.9048275351524353,
                    0.24799831211566925,
                    -0.34609800577163696,
                    -0.5472291111946106
                ],
                [
                    0.0,
                    0.8128600716590881,
                    0.5824589133262634,
                    0.9209486246109009
                ],
                [
                    0.0,
                    0.0,
                    0.0,
                    1.0
                ]
            ]
        },
        {
            "file_path": "train/shape09115_rank04_58",
            "rotation": 0.06283185307179587,
            "transform_matrix": [
                [
                    0.876305878162384,
                    -0.28060245513916016,
                    0.391599178314209,
                    0.6191726922988892
                ],
                [
                    0.48175472021102905,
                    0.5104123950004578,
                    -0.7123141288757324,
                    -1.1262675523757935
                ],
                [
                    1.4901158529312397e-08,
                    0.8128600120544434,
                    0.582459032535553,
                    0.9209486246109009
                ],
                [
                    0.0,
                    0.0,
                    0.0,
                    1.0
                ]
            ]
        },
        {
            "file_path": "train/shape09115_rank04_74",
            "rotation": 0.06283185307179587,
            "transform_matrix": [
                [
                    0.06278910487890244,
                    -0.5813097357749939,
                    0.8112561106681824,
                    1.2827086448669434
                ],
                [
                    0.9980268478393555,
                    0.03657208010554314,
                    -0.05103875324130058,
                    -0.0806993618607521
                ],
                [
                    0.0,
                    0.8128600120544434,
                    0.5824589729309082,
                    0.9209486246109009
                ],
                [
                    0.0,
                    0.0,
                    0.0,
                    1.0
                ]
            ]
        },
        {
            "file_path": "train/shape09115_rank04_31",
            "rotation": 0.06283185307179587,
            "transform_matrix": [
                [
                    0.36812499165534973,
                    0.5415565371513367,
                    -0.7557780146598816,
                    -1.1949900388717651
                ],
                [
                    -0.9297762513160706,
                    0.2144177258014679,
                    -0.2992341220378876,
                    -0.4731307625770569
                ],
                [
                    0.0,
                    0.8128600716590881,
                    0.5824589729309082,
                    0.9209486246109009
                ],
                [
                    0.0,
                    0.0,
                    0.0,
                    1.0
                ]
            ]
        },
        {
            "file_path": "train/shape09115_rank04_27",
            "rotation": 0.06283185307179587,
            "transform_matrix": [
                [
                    0.12533368170261383,
                    0.5778661370277405,
                    -0.8064502477645874,
                    -1.2751100063323975
                ],
                [
                    -0.9921146035194397,
                    0.07300173491239548,
                    -0.10187873244285583,
                    -0.16108444333076477
                ],
                [
                    -3.725290298461914e-09,
                    0.8128600120544434,
                    0.5824589729309082,
                    0.9209486246109009
                ],
                [
                    0.0,
                    0.0,
                    0.0,
                    1.0
                ]
            ]
        },
        {
            "file_path": "train/shape09115_rank04_5",
            "rotation": 0.06283185307179587,
            "transform_matrix": [
                [
                    -0.9510565400123596,
                    0.179989755153656,
                    -0.2511875629425049,
                    -0.39716243743896484
                ],
                [
                    -0.30901700258255005,
                    -0.5539514422416687,
                    0.7730757594108582,
                    1.2223403453826904
                ],
                [
                    0.0,
                    0.8128600120544434,
                    0.5824589729309082,
                    0.9209486246109009
                ],
                [
                    0.0,
                    0.0,
                    0.0,
                    1.0
                ]
            ]
        },
        {
            "file_path": "train/shape09115_rank04_71",
            "rotation": 0.06283185307179587,
            "transform_matrix": [
                [
                    0.24868857860565186,
                    -0.564160168170929,
                    0.7873227596282959,
                    1.2448667287826538
                ],
                [
                    0.9685834646224976,
                    0.14485090970993042,
                    -0.20214900374412537,
                    -0.3196256756782532
                ],
                [
                    0.0,
                    0.8128600120544434,
                    0.5824589729309082,
                    0.9209486246109009
                ],
                [
                    0.0,
                    0.0,
                    0.0,
                    1.0
                ]
            ]
        },
        {
            "file_path": "train/shape09115_rank04_96",
            "rotation": 0.06283185307179587,
            "transform_matrix": [
                [
                    -0.9685835838317871,
                    -0.14485053718090057,
                    0.20214849710464478,
                    0.3196248710155487
                ],
                [
                    0.24868793785572052,
                    -0.5641602277755737,
                    0.7873229384422302,
                    1.244866967201233
                ],
                [
                    -7.450580152834618e-09,
                    0.8128600716590881,
                    0.5824589729309082,
                    0.9209486246109009
                ],
                [
                    0.0,
                    0.0,
                    0.0,
                    1.0
                ]
            ]
        },
        {
            "file_path": "train/shape09115_rank04_13",
            "rotation": 0.06283185307179587,
            "transform_matrix": [
                [
                    -0.6845470070838928,
                    0.4245944023132324,
                    -0.5925495028495789,
                    -0.9369031190872192
                ],
                [
                    -0.7289686799049377,
                    -0.3987206220626831,
                    0.5564408898353577,
                    0.8798103928565979
                ],
                [
                    -1.4901161193847656e-08,
                    0.8128600120544434,
                    0.5824589729309082,
                    0.9209486246109009
                ],
                [
                    0.0,
                    0.0,
                    0.0,
                    1.0
                ]
            ]
        },
        {
            "file_path": "train/shape09115_rank04_22",
            "rotation": 0.06283185307179587,
            "transform_matrix": [
                [
                    -0.18738101422786713,
                    0.5721420645713806,
                    -0.7984619736671448,
                    -1.2624794244766235
                ],
                [
                    -0.9822873473167419,
                    -0.1091417521238327,
                    0.15231449902057648,
                    0.2408304214477539
                ],
                [
                    0.0,
                    0.8128600120544434,
                    0.5824589133262634,
                    0.9209486246109009
                ],
                [
                    0.0,
                    0.0,
                    0.0,
                    1.0
                ]
            ]
        },
        {
            "file_path": "train/shape09115_rank04_82",
            "rotation": 0.06283185307179587,
            "transform_matrix": [
                [
                    -0.4257807433605194,
                    -0.5270242691040039,
                    0.7354971766471863,
                    1.1629230976104736
                ],
                [
                    0.9048263430595398,
                    -0.24799984693527222,
                    0.3461001515388489,
                    0.5472323894500732
                ],
                [
                    1.4901160305669237e-08,
                    0.8128600120544434,
                    0.582459032535553,
                    0.9209486246109009
                ],
                [
                    0.0,
                    0.0,
                    0.0,
                    1.0
                ]
            ]
        },
        {
            "file_path": "train/shape09115_rank04_24",
            "rotation": 0.06283185307179587,
            "transform_matrix": [
                [
                    -0.06279014050960541,
                    0.5813096761703491,
                    -0.8112560510635376,
                    -1.2827085256576538
                ],
                [
                    -0.9980267882347107,
                    -0.036572687327861786,
                    0.051039598882198334,
                    0.08070069551467896
                ],
                [
                    0.0,
                    0.8128600120544434,
                    0.5824589729309082,
                    0.9209486246109009
                ],
                [
                    0.0,
                    0.0,
                    0.0,
                    1.0
                ]
            ]
        },
        {
            "file_path": "train/shape09115_rank04_6",
            "rotation": 0.06283185307179587,
            "transform_matrix": [
                [
                    -0.9297764301300049,
                    0.2144174724817276,
                    -0.29923373460769653,
                    -0.47313010692596436
                ],
                [
                    -0.3681245446205139,
                    -0.5415566563606262,
                    0.7557780742645264,
                    1.1949901580810547
                ],
                [
                    0.0,
                    0.8128600120544434,
                    0.5824589729309082,
                    0.9209486246109009
                ],
                [
                    0.0,
                    0.0,
                    0.0,
                    1.0
                ]
            ]
        },
        {
            "file_path": "train/shape09115_rank04_92",
            "rotation": 0.06283185307179587,
            "transform_matrix": [
                [
                    -0.8763076066970825,
                    -0.28060081601142883,
                    0.3915969431400299,
                    0.6191691756248474
                ],
                [
                    0.4817520081996918,
                    -0.5104132294654846,
                    0.7123153805732727,
                    1.1262695789337158
                ],
                [
                    -1.4901161193847656e-08,
                    0.8128600120544434,
                    0.5824589729309082,
                    0.9209486246109009
                ],
                [
                    0.0,
                    0.0,
                    0.0,
                    1.0
                ]
            ]
        },
        {
            "file_path": "train/shape09115_rank04_94",
            "rotation": 0.06283185307179587,
            "transform_matrix": [
                [
                    -0.929777204990387,
                    -0.21441642940044403,
                    0.29923227429389954,
                    0.4731278121471405
                ],
                [
                    0.36812275648117065,
                    -0.5415570735931396,
                    0.7557786703109741,
                    1.194991111755371
                ],
                [
                    -1.4901161193847656e-08,
                    0.8128600120544434,
                    0.5824589729309082,
                    0.9209486246109009
                ],
                [
                    0.0,
                    0.0,
                    0.0,
                    1.0
                ]
            ]
        },
        {
            "file_path": "train/shape09115_rank04_29",
            "rotation": 0.06283185307179587,
            "transform_matrix": [
                [
                    0.24869035184383392,
                    0.5641599297523499,
                    -0.7873224020004272,
                    -1.244866132736206
                ],
                [
                    -0.9685830473899841,
                    0.1448519378900528,
                    -0.20215044915676117,
                    -0.31962794065475464
                ],
                [
                    -7.450580596923828e-09,
                    0.8128600120544434,
                    0.5824589729309082,
                    0.9209486246109009
                ],
                [
                    0.0,
                    0.0,
                    0.0,
                    1.0
                ]
            ]
        },
        {
            "file_path": "train/shape09115_rank04_3",
            "rotation": 0.06283185307179587,
            "transform_matrix": [
                [
                    -0.9822872281074524,
                    0.10914194583892822,
                    -0.15231478214263916,
                    -0.24083083868026733
                ],
                [
                    -0.1873813271522522,
                    -0.5721420645713806,
                    0.7984620332717896,
                    1.2624794244766235
                ],
                [
                    7.450580596923828e-09,
                    0.8128600120544434,
                    0.5824589729309082,
                    0.9209486246109009
                ],
                [
                    0.0,
                    0.0,
                    0.0,
                    1.0
                ]
            ]
        },
        {
            "file_path": "train/shape09115_rank04_47",
            "rotation": 0.06283185307179587,
            "transform_matrix": [
                [
                    0.9822873473167419,
                    0.10914138704538345,
                    -0.1523139923810959,
                    -0.24082961678504944
                ],
                [
                    -0.1873803585767746,
                    0.5721421837806702,
                    -0.7984620928764343,
                    -1.2624796628952026
                ],
                [
                    0.0,
                    0.8128600120544434,
                    0.5824589133262634,
                    0.9209486246109009
                ],
                [
                    0.0,
                    0.0,
                    0.0,
                    1.0
                ]
            ]
        },
        {
            "file_path": "train/shape09115_rank04_86",
            "rotation": 0.06283185307179587,
            "transform_matrix": [
                [
                    -0.6374253034591675,
                    -0.4487917721271515,
                    0.6263185143470764,
                    0.9902966022491455
                ],
                [
                    0.7705122232437134,
                    -0.37127411365509033,
                    0.518137514591217,
                    0.8192474842071533
                ],
                [
                    -1.4901162970204496e-08,
                    0.8128600120544434,
                    0.5824589729309082,
                    0.9209486246109009
                ],
                [
                    0.0,
                    0.0,
                    0.0,
                    1.0
                ]
            ]
        },
        {
            "file_path": "train/shape09115_rank04_35",
            "rotation": 0.06283185307179587,
            "transform_matrix": [
                [
                    0.5877857208251953,
                    0.4712190330028534,
                    -0.6576172709465027,
                    -1.03978431224823
                ],
                [
                    -0.8090165853500366,
                    0.34236112236976624,
                    -0.4777875542640686,
                    -0.7554485201835632
                ],
                [
                    1.4901161193847656e-08,
                    0.8128600120544434,
                    0.5824589729309082,
                    0.9209486246109009
                ],
                [
                    0.0,
                    0.0,
                    0.0,
                    1.0
                ]
            ]
        },
        {
            "file_path": "train/shape09115_rank04_83",
            "rotation": 0.06283185307179587,
            "transform_matrix": [
                [
                    -0.4817551076412201,
                    -0.5104122757911682,
                    0.7123140096664429,
                    1.1262673139572144
                ],
                [
                    0.8763058185577393,
                    -0.2806026339530945,
                    0.39159947633743286,
                    0.6191731691360474
                ],
                [
                    -1.4901160305669237e-08,
                    0.8128600120544434,
                    0.582459032535553,
                    0.9209486246109009
                ],
                [
                    0.0,
                    0.0,
                    0.0,
                    1.0
                ]
            ]
        },
        {
            "file_path": "train/shape09115_rank04_48",
            "rotation": 0.06283185307179587,
            "transform_matrix": [
                [
                    0.9921148419380188,
                    0.07300090044736862,
                    -0.10187757760286331,
                    -0.16108261048793793
                ],
                [
                    -0.12533225119113922,
                    0.57786625623703,
                    -0.8064504861831665,
                    -1.2751102447509766
                ],
                [
                    3.725290298461914e-09,
                    0.8128600120544434,
                    0.5824589729309082,
                    0.9209486246109009
                ],
                [
                    0.0,
                    0.0,
                    0.0,
                    1.0
                ]
            ]
        },
        {
            "file_path": "train/shape09115_rank04_54",
            "rotation": 0.06283185307179587,
            "transform_matrix": [
                [
                    0.968582808971405,
                    -0.14485231041908264,
                    0.20215094089508057,
                    0.3196287453174591
                ],
                [
                    0.24869097769260406,
                    0.5641598105430603,
                    -0.7873222231864929,
                    -1.244865894317627
                ],
                [
                    7.450580596923828e-09,
                    0.8128600120544434,
                    0.5824589729309082,
                    0.9209486246109009
                ],
                [
                    0.0,
                    0.0,
                    0.0,
                    1.0
                ]
            ]
        },
        {
            "file_path": "train/shape09115_rank04_69",
            "rotation": 0.06283185307179587,
            "transform_matrix": [
                [
                    0.3681233525276184,
                    -0.5415569543838501,
                    0.7557785511016846,
                    1.194990873336792
                ],
                [
                    0.9297770261764526,
                    0.2144167572259903,
                    -0.29923275113105774,
                    -0.4731285572052002
                ],
                [
                    -1.4901161193847656e-08,
                    0.8128600716590881,
                    0.5824589729309082,
                    0.9209486246109009
                ],
                [
                    0.0,
                    0.0,
                    0.0,
                    1.0
                ]
            ]
        },
        {
            "file_path": "train/shape09115_rank04_43",
            "rotation": 0.06283185307179587,
            "transform_matrix": [
                [
                    0.9048274755477905,
                    0.24799852073192596,
                    -0.34609830379486084,
                    -0.547229528427124
                ],
                [
                    -0.42577847838401794,
                    0.5270249247550964,
                    -0.7354980111122131,
                    -1.1629245281219482
                ],
                [
                    1.4901161193847656e-08,
                    0.8128600120544434,
                    0.5824589729309082,
                    0.9209486246109009
                ],
                [
                    0.0,
                    0.0,
                    0.0,
                    1.0
                ]
            ]
        },
        {
            "file_path": "train/shape09115_rank04_90",
            "rotation": 0.06283185307179587,
            "transform_matrix": [
                [
                    -0.809018075466156,
                    -0.3423599302768707,
                    0.4777858853340149,
                    0.7554459571838379
                ],
                [
                    0.587783694267273,
                    -0.47121983766555786,
                    0.6576184034347534,
                    1.0397862195968628
                ],
                [
                    -1.4901161193847656e-08,
                    0.8128600716590881,
                    0.5824589133262634,
                    0.9209486246109009
                ],
                [
                    0.0,
                    0.0,
                    0.0,
                    1.0
                ]
            ]
        },
        {
            "file_path": "train/shape09115_rank04_4",
            "rotation": 0.06283185307179587,
            "transform_matrix": [
                [
                    -0.9685831069946289,
                    0.14485163986682892,
                    -0.20215006172657013,
                    -0.3196273446083069
                ],
                [
                    -0.24868984520435333,
                    -0.5641599297523499,
                    0.7873225808143616,
                    1.2448663711547852
                ],
                [
                    7.450580152834618e-09,
                    0.8128600120544434,
                    0.5824589729309082,
                    0.9209486246109009
                ],
                [
                    0.0,
                    0.0,
                    0.0,
                    1.0
                ]
            ]
        },
        {
            "file_path": "train/shape09115_rank04_93",
            "rotation": 0.06283185307179587,
            "transform_matrix": [
                [
                    -0.9048277139663696,
                    -0.24799799919128418,
                    0.34609758853912354,
                    0.5472283363342285
                ],
                [
                    0.4257775545120239,
                    -0.5270251631736755,
                    0.7354983687400818,
                    1.1629250049591064
                ],
                [
                    1.4901159417490817e-08,
                    0.8128600120544434,
                    0.582459032535553,
                    0.9209486246109009
                ],
                [
                    0.0,
                    0.0,
                    0.0,
                    1.0
                ]
            ]
        },
        {
            "file_path": "train/shape09115_rank04_67",
            "rotation": 0.06283185307179587,
            "transform_matrix": [
                [
                    0.48175251483917236,
                    -0.5104130506515503,
                    0.7123151421546936,
                    1.1262693405151367
                ],
                [
                    0.8763072490692139,
                    0.2806010842323303,
                    -0.39159736037254333,
                    -0.6191699504852295
                ],
                [
                    1.4901161193847656e-08,
                    0.8128600120544434,
                    0.5824589133262634,
                    0.9209486246109009
                ],
                [
                    0.0,
                    0.0,
                    0.0,
                    1.0
                ]
            ]
        },
        {
            "file_path": "train/shape09115_rank04_87",
            "rotation": 0.06283185307179587,
            "transform_matrix": [
                [
                    -0.6845483183860779,
                    -0.42459362745285034,
                    0.5925484299659729,
                    0.9369013905525208
                ],
                [
                    0.7289673686027527,
                    -0.3987213671207428,
                    0.5564419627189636,
                    0.8798121213912964
                ],
                [
                    0.0,
                    0.8128600120544434,
                    0.5824589729309082,
                    0.9209486246109009
                ],
                [
                    0.0,
                    0.0,
                    0.0,
                    1.0
                ]
            ]
        },
        {
            "file_path": "train/shape09115_rank04_33",
            "rotation": 0.06283185307179587,
            "transform_matrix": [
                [
                    0.48175427317619324,
                    0.5104125142097473,
                    -0.7123143672943115,
                    -1.1262680292129517
                ],
                [
                    -0.8763063549995422,
                    0.2806020975112915,
                    -0.39159873127937317,
                    -0.6191720366477966
                ],
                [
                    0.0,
                    0.8128600120544434,
                    0.5824589729309082,
                    0.9209486246109009
                ],
                [
                    0.0,
                    0.0,
                    0.0,
                    1.0
                ]
            ]
        },
        {
            "file_path": "train/shape09115_rank04_60",
            "rotation": 0.06283185307179587,
            "transform_matrix": [
                [
                    0.8090161681175232,
                    -0.3423614203929901,
                    0.47778797149658203,
                    0.7554491758346558
                ],
                [
                    0.5877861976623535,
                    0.4712187945842743,
                    -0.657616913318634,
                    -1.0397837162017822
                ],
                [
                    0.0,
                    0.8128600120544434,
                    0.5824589729309082,
                    0.9209486246109009
                ],
                [
                    0.0,
                    0.0,
                    0.0,
                    1.0
                ]
            ]
        },
        {
            "file_path": "train/shape09115_rank04_28",
            "rotation": 0.06283185307179587,
            "transform_matrix": [
                [
                    0.187381774187088,
                    0.5721420049667358,
                    -0.7984619736671448,
                    -1.262479305267334
                ],
                [
                    -0.9822871685028076,
                    0.10914221405982971,
                    -0.152315154671669,
                    -0.2408314347267151
                ],
                [
                    7.450580596923828e-09,
                    0.8128600120544434,
                    0.5824589729309082,
                    0.9209486246109009
                ],
                [
                    0.0,
                    0.0,
                    0.0,
                    1.0
                ]
            ]
        },
        {
            "file_path": "train/shape09115_rank04_0",
            "rotation": 0.06283185307179587,
            "transform_matrix": [
                [
                    -0.9999999403953552,
                    0.0,
                    0.0,
                    0.0
                ],
                [
                    0.0,
                    -0.582459032535553,
                    0.8128598928451538,
                    1.2852445840835571
                ],
                [
                    0.0,
                    0.8128600120544434,
                    0.5824589729309082,
                    0.9209486246109009
                ],
                [
                    0.0,
                    0.0,
                    0.0,
                    1.0
                ]
            ]
        },
        {
            "file_path": "train/shape09115_rank04_1",
            "rotation": 0.06283185307179587,
            "transform_matrix": [
                [
                    -0.9980266094207764,
                    0.036572910845279694,
                    -0.051039908081293106,
                    -0.08070117980241776
                ],
                [
                    -0.06279052048921585,
                    -0.5813096761703491,
                    0.8112560510635376,
                    1.2827084064483643
                ],
                [
                    3.7252898543727042e-09,
                    0.8128600120544434,
                    0.582459032535553,
                    0.9209486246109009
                ],
                [
                    0.0,
                    0.0,
                    0.0,
                    1.0
                ]
            ]
        },
        {
            "file_path": "train/shape09115_rank04_59",
            "rotation": 0.06283185307179587,
            "transform_matrix": [
                [
                    0.8443272113800049,
                    -0.3120977580547333,
                    0.43555304408073425,
                    0.6886698603630066
                ],
                [
                    0.5358278155326843,
                    0.49178600311279297,
                    -0.6863198280334473,
                    -1.0851670503616333
                ],
                [
                    0.0,
                    0.8128600120544434,
                    0.5824589729309082,
                    0.9209486246109009
                ],
                [
                    0.0,
                    0.0,
                    0.0,
                    1.0
                ]
            ]
        },
        {
            "file_path": "train/shape09115_rank04_97",
            "rotation": 0.06283185307179587,
            "transform_matrix": [
                [
                    -0.982287585735321,
                    -0.1091407909989357,
                    0.15231317281723022,
                    0.24082830548286438
                ],
                [
                    0.18737933039665222,
                    -0.5721422433853149,
                    0.7984622716903687,
                    1.2624799013137817
                ],
                [
                    -7.450580596923828e-09,
                    0.8128600120544434,
                    0.5824589729309082,
                    0.9209486246109009
                ],
                [
                    0.0,
                    0.0,
                    0.0,
                    1.0
                ]
            ]
        },
        {
            "file_path": "train/shape09115_rank04_30",
            "rotation": 0.06283185307179587,
            "transform_matrix": [
                [
                    0.30901750922203064,
                    0.5539513826370239,
                    -0.7730756402015686,
                    -1.2223399877548218
                ],
                [
                    -0.9510562419891357,
                    0.1799900382757187,
                    -0.2511879801750183,
                    -0.397163063287735
                ],
                [
                    0.0,
                    0.8128600120544434,
                    0.582459032535553,
                    0.9209486246109009
                ],
                [
                    0.0,
                    0.0,
                    0.0,
                    1.0
                ]
            ]
        },
        {
            "file_path": "train/shape09115_rank04_7",
            "rotation": 0.06283185307179587,
            "transform_matrix": [
                [
                    -0.9048270583152771,
                    0.24799899756908417,
                    -0.34609895944595337,
                    -0.5472305417060852
                ],
                [
                    -0.4257793128490448,
                    -0.5270246863365173,
                    0.7354977130889893,
                    1.16292405128479
                ],
                [
                    0.0,
                    0.8128600120544434,
                    0.5824589729309082,
                    0.9209486246109009
                ],
                [
                    0.0,
                    0.0,
                    0.0,
                    1.0
                ]
            ]
        }
    ]
}