{
    "camera_angle_x": 0.8726646304130554,
    "frames": [
        {
            "file_path": "train/shape09194_rank04_60",
            "rotation": 0.06283185307179587,
            "transform_matrix": [
                [
                    0.8090161681175232,
                    -0.3423614203929901,
                    0.47778797149658203,
                    0.7554491758346558
                ],
                [
                    0.5877861976623535,
                    0.4712187945842743,
                    -0.657616913318634,
                    -1.0397837162017822
                ],
                [
                    0.0,
                    0.8128600120544434,
                    0.5824589729309082,
                    0.9209486246109009
                ],
                [
                    0.0,
                    0.0,
                    0.0,
                    1.0
                ]
            ]
        },
        {
            "file_path": "train/shape09194_rank04_26",
            "rotation": 0.06283185307179587,
            "transform_matrix": [
                [
                    0.06279094517230988,
                    0.5813096761703491,
                    -0.8112560510635376,
                    -1.2827084064483643
                ],
                [
                    -0.9980267286300659,
                    0.036573152989149094,
                    -0.051040250808000565,
                    -0.08070172369480133
                ],
                [
                    0.0,
                    0.8128600120544434,
                    0.582459032535553,
                    0.9209486246109009
                ],
                [
                    0.0,
                    0.0,
                    0.0,
                    1.0
                ]
            ]
        },
        {
            "file_path": "train/shape09194_rank04_13",
            "rotation": 0.06283185307179587,
            "transform_matrix": [
                [
                    -0.6845470070838928,
                    0.4245944023132324,
                    -0.5925495028495789,
                    -0.9369031190872192
                ],
                [
                    -0.7289686799049377,
                    -0.3987206220626831,
                    0.5564408898353577,
                    0.8798103928565979
                ],
                [
                    -1.4901161193847656e-08,
                    0.8128600120544434,
                    0.5824589729309082,
                    0.9209486246109009
                ],
                [
                    0.0,
                    0.0,
                    0.0,
                    1.0
                ]
            ]
        },
        {
            "file_path": "train/shape09194_rank04_6",
            "rotation": 0.06283185307179587,
            "transform_matrix": [
                [
                    -0.9297764301300049,
                    0.2144174724817276,
                    -0.29923373460769653,
                    -0.47313010692596436
                ],
                [
                    -0.3681245446205139,
                    -0.5415566563606262,
                    0.7557780742645264,
                    1.1949901580810547
                ],
                [
                    0.0,
                    0.8128600120544434,
                    0.5824589729309082,
                    0.9209486246109009
                ],
                [
                    0.0,
                    0.0,
                    0.0,
                    1.0
                ]
            ]
        },
        {
            "file_path": "train/shape09194_rank04_51",
            "rotation": 0.06283185307179587,
            "transform_matrix": [
                [
                    0.9980265498161316,
                    -0.03657352179288864,
                    0.05104076489806175,
                    0.08070254325866699
                ],
                [
                    0.06279157102108002,
                    0.5813096761703491,
                    -0.8112559914588928,
                    -1.2827084064483643
                ],
                [
                    -1.8626449271863521e-09,
                    0.8128600120544434,
                    0.5824589729309082,
                    0.9209486246109009
                ],
                [
                    0.0,
                    0.0,
                    0.0,
                    1.0
                ]
            ]
        },
        {
            "file_path": "train/shape09194_rank04_72",
            "rotation": 0.06283185307179587,
            "transform_matrix": [
                [
                    0.18737997114658356,
                    -0.5721422433853149,
                    0.7984623312950134,
                    1.2624797821044922
                ],
                [
                    0.9822874069213867,
                    0.10914115607738495,
                    -0.1523137092590332,
                    -0.24082911014556885
                ],
                [
                    0.0,
                    0.8128600120544434,
                    0.582459032535553,
                    0.9209486246109009
                ],
                [
                    0.0,
                    0.0,
                    0.0,
                    1.0
                ]
            ]
        },
        {
            "file_path": "train/shape09194_rank04_4",
            "rotation": 0.06283185307179587,
            "transform_matrix": [
                [
                    -0.9685830473899841,
                    0.14485163986682892,
                    -0.20215007662773132,
                    -0.3196273446083069
                ],
                [
                    -0.24868983030319214,
                    -0.5641599297523499,
                    0.7873226404190063,
                    1.2448663711547852
                ],
                [
                    7.4505797087454084e-09,
                    0.8128600120544434,
                    0.582459032535553,
                    0.9209486246109009
                ],
                [
                    0.0,
                    0.0,
                    0.0,
                    1.0
                ]
            ]
        },
        {
            "file_path": "train/shape09194_rank04_32",
            "rotation": 0.06283185307179587,
            "transform_matrix": [
                [
                    0.4257797300815582,
                    0.527024507522583,
                    -0.7354975342750549,
                    -1.162923812866211
                ],
                [
                    -0.9048267006874084,
                    0.24799926578998566,
                    -0.3460993766784668,
                    -0.5472311973571777
                ],
                [
                    0.0,
                    0.8128600716590881,
                    0.5824589729309082,
                    0.9209486246109009
                ],
                [
                    0.0,
                    0.0,
                    0.0,
                    1.0
                ]
            ]
        },
        {
            "file_path": "train/shape09194_rank04_83",
            "rotation": 0.06283185307179587,
            "transform_matrix": [
                [
                    -0.4817550778388977,
                    -0.5104122757911682,
                    0.7123140096664429,
                    1.1262673139572144
                ],
                [
                    0.8763057589530945,
                    -0.2806026339530945,
                    0.39159950613975525,
                    0.6191731691360474
                ],
                [
                    -1.4901159417490817e-08,
                    0.8128600120544434,
                    0.582459032535553,
                    0.9209486246109009
                ],
                [
                    0.0,
                    0.0,
                    0.0,
                    1.0
                ]
            ]
        },
        {
            "file_path": "train/shape09194_rank04_9",
            "rotation": 0.06283185307179587,
            "transform_matrix": [
                [
                    -0.8443278074264526,
                    0.3120971918106079,
                    -0.4355522692203522,
                    -0.6886686086654663
                ],
                [
                    -0.5358268022537231,
                    -0.491786390542984,
                    0.686320424079895,
                    1.0851678848266602
                ],
                [
                    0.0,
                    0.8128600120544434,
                    0.582459032535553,
                    0.9209486246109009
                ],
                [
                    0.0,
                    0.0,
                    0.0,
                    1.0
                ]
            ]
        },
        {
            "file_path": "train/shape09194_rank04_15",
            "rotation": 0.06283185307179587,
            "transform_matrix": [
                [
                    -0.5877851247787476,
                    0.4712193012237549,
                    -0.6576176881790161,
                    -1.0397849082946777
                ],
                [
                    -0.8090170621871948,
                    -0.3423607647418976,
                    0.4777870774269104,
                    0.7554476857185364
                ],
                [
                    0.0,
                    0.8128600120544434,
                    0.582459032535553,
                    0.9209486246109009
                ],
                [
                    0.0,
                    0.0,
                    0.0,
                    1.0
                ]
            ]
        },
        {
            "file_path": "train/shape09194_rank04_34",
            "rotation": 0.06283185307179587,
            "transform_matrix": [
                [
                    0.5358273386955261,
                    0.4917862117290497,
                    -0.6863201260566711,
                    -1.0851675271987915
                ],
                [
                    -0.8443275690078735,
                    0.3120974898338318,
                    -0.4355526268482208,
                    -0.6886692047119141
                ],
                [
                    1.4901161193847656e-08,
                    0.8128600120544434,
                    0.5824589729309082,
                    0.9209486246109009
                ],
                [
                    0.0,
                    0.0,
                    0.0,
                    1.0
                ]
            ]
        },
        {
            "file_path": "train/shape09194_rank04_54",
            "rotation": 0.06283185307179587,
            "transform_matrix": [
                [
                    0.9685828685760498,
                    -0.14485231041908264,
                    0.20215095579624176,
                    0.3196287453174591
                ],
                [
                    0.24869099259376526,
                    0.5641598105430603,
                    -0.7873222827911377,
                    -1.244865894317627
                ],
                [
                    7.450580596923828e-09,
                    0.8128600120544434,
                    0.5824589729309082,
                    0.9209486246109009
                ],
                [
                    0.0,
                    0.0,
                    0.0,
                    1.0
                ]
            ]
        },
        {
            "file_path": "train/shape09194_rank04_55",
            "rotation": 0.06283185307179587,
            "transform_matrix": [
                [
                    0.9510561227798462,
                    -0.17999039590358734,
                    0.2511884272098541,
                    0.39716383814811707
                ],
                [
                    0.309018075466156,
                    0.5539512634277344,
                    -0.7730754613876343,
                    -1.2223397493362427
                ],
                [
                    0.0,
                    0.8128600120544434,
                    0.5824589729309082,
                    0.9209486246109009
                ],
                [
                    0.0,
                    0.0,
                    0.0,
                    1.0
                ]
            ]
        },
        {
            "file_path": "train/shape09194_rank04_63",
            "rotation": 0.06283185307179587,
            "transform_matrix": [
                [
                    0.6845459938049316,
                    -0.424594908952713,
                    0.5925503373146057,
                    0.9369043111801147
                ],
                [
                    0.7289695739746094,
                    0.39871999621391296,
                    -0.5564401745796204,
                    -0.8798091411590576
                ],
                [
                    0.0,
                    0.8128600716590881,
                    0.582459032535553,
                    0.9209486246109009
                ],
                [
                    0.0,
                    0.0,
                    0.0,
                    1.0
                ]
            ]
        },
        {
            "file_path": "train/shape09194_rank04_31",
            "rotation": 0.06283185307179587,
            "transform_matrix": [
                [
                    0.36812499165534973,
                    0.5415565371513367,
                    -0.7557780742645264,
                    -1.1949900388717651
                ],
                [
                    -0.9297762513160706,
                    0.2144177258014679,
                    -0.29923415184020996,
                    -0.4731307625770569
                ],
                [
                    0.0,
                    0.8128600716590881,
                    0.582459032535553,
                    0.9209486246109009
                ],
                [
                    0.0,
                    0.0,
                    0.0,
                    1.0
                ]
            ]
        },
        {
            "file_path": "train/shape09194_rank04_48",
            "rotation": 0.06283185307179587,
            "transform_matrix": [
                [
                    0.9921148419380188,
                    0.07300090044736862,
                    -0.10187757760286331,
                    -0.16108261048793793
                ],
                [
                    -0.12533225119113922,
                    0.57786625623703,
                    -0.8064504861831665,
                    -1.2751102447509766
                ],
                [
                    3.725290298461914e-09,
                    0.8128600120544434,
                    0.5824589729309082,
                    0.9209486246109009
                ],
                [
                    0.0,
                    0.0,
                    0.0,
                    1.0
                ]
            ]
        },
        {
            "file_path": "train/shape09194_rank04_89",
            "rotation": 0.06283185307179587,
            "transform_matrix": [
                [
                    -0.7705143094062805,
                    -0.3712725341320038,
                    0.5181353092193604,
                    0.8192439675331116
                ],
                [
                    0.637422502040863,
                    -0.44879305362701416,
                    0.6263203024864197,
                    0.9902994632720947
                ],
                [
                    1.4901160305669237e-08,
                    0.8128600120544434,
                    0.5824589729309082,
                    0.9209486246109009
                ],
                [
                    0.0,
                    0.0,
                    0.0,
                    1.0
                ]
            ]
        },
        {
            "file_path": "train/shape09194_rank04_61",
            "rotation": 0.06283185307179587,
            "transform_matrix": [
                [
                    0.7705122828483582,
                    -0.3712739646434784,
                    0.5181373357772827,
                    0.8192470669746399
                ],
                [
                    0.6374249458312988,
                    0.44879189133644104,
                    -0.6263187527656555,
                    -0.9902969002723694
                ],
                [
                    0.0,
                    0.8128600120544434,
                    0.582459032535553,
                    0.9209486246109009
                ],
                [
                    0.0,
                    0.0,
                    0.0,
                    1.0
                ]
            ]
        },
        {
            "file_path": "train/shape09194_rank04_86",
            "rotation": 0.06283185307179587,
            "transform_matrix": [
                [
                    -0.6374252438545227,
                    -0.4487917721271515,
                    0.6263185143470764,
                    0.9902966022491455
                ],
                [
                    0.7705121636390686,
                    -0.37127411365509033,
                    0.518137514591217,
                    0.8192474842071533
                ],
                [
                    -1.4901161193847656e-08,
                    0.8128600120544434,
                    0.5824589729309082,
                    0.9209486246109009
                ],
                [
                    0.0,
                    0.0,
                    0.0,
                    1.0
                ]
            ]
        },
        {
            "file_path": "train/shape09194_rank04_1",
            "rotation": 0.06283185307179587,
            "transform_matrix": [
                [
                    -0.9980266690254211,
                    0.036572910845279694,
                    -0.051039908081293106,
                    -0.08070117980241776
                ],
                [
                    -0.06279052048921585,
                    -0.5813096761703491,
                    0.8112560510635376,
                    1.2827084064483643
                ],
                [
                    3.725290076417309e-09,
                    0.8128600120544434,
                    0.582459032535553,
                    0.9209486246109009
                ],
                [
                    0.0,
                    0.0,
                    0.0,
                    1.0
                ]
            ]
        },
        {
            "file_path": "train/shape09194_rank04_36",
            "rotation": 0.06283185307179587,
            "transform_matrix": [
                [
                    0.6374244689941406,
                    0.44879212975502014,
                    -0.6263190507888794,
                    -0.9902974367141724
                ],
                [
                    -0.7705127596855164,
                    0.37127363681793213,
                    -0.5181368589401245,
                    -0.8192464113235474
                ],
                [
                    1.4901161193847656e-08,
                    0.8128600120544434,
                    0.5824589729309082,
                    0.9209486246109009
                ],
                [
                    0.0,
                    0.0,
                    0.0,
                    1.0
                ]
            ]
        },
        {
            "file_path": "train/shape09194_rank04_82",
            "rotation": 0.06283185307179587,
            "transform_matrix": [
                [
                    -0.42578068375587463,
                    -0.5270242691040039,
                    0.7354971766471863,
                    1.1629230976104736
                ],
                [
                    0.9048262238502502,
                    -0.24799984693527222,
                    0.3461001515388489,
                    0.5472323894500732
                ],
                [
                    1.4901158529312397e-08,
                    0.8128600120544434,
                    0.582459032535553,
                    0.9209486246109009
                ],
                [
                    0.0,
                    0.0,
                    0.0,
                    1.0
                ]
            ]
        },
        {
            "file_path": "train/shape09194_rank04_35",
            "rotation": 0.06283185307179587,
            "transform_matrix": [
                [
                    0.5877857208251953,
                    0.4712190330028534,
                    -0.6576172709465027,
                    -1.03978431224823
                ],
                [
                    -0.8090165853500366,
                    0.34236112236976624,
                    -0.4777875542640686,
                    -0.7554485201835632
                ],
                [
                    1.4901161193847656e-08,
                    0.8128600120544434,
                    0.5824589729309082,
                    0.9209486246109009
                ],
                [
                    0.0,
                    0.0,
                    0.0,
                    1.0
                ]
            ]
        },
        {
            "file_path": "train/shape09194_rank04_47",
            "rotation": 0.06283185307179587,
            "transform_matrix": [
                [
                    0.9822872281074524,
                    0.10914138704538345,
                    -0.15231402218341827,
                    -0.24082961678504944
                ],
                [
                    -0.1873803436756134,
                    0.5721421837806702,
                    -0.7984622120857239,
                    -1.2624796628952026
                ],
                [
                    0.0,
                    0.8128600120544434,
                    0.582459032535553,
                    0.9209486246109009
                ],
                [
                    0.0,
                    0.0,
                    0.0,
                    1.0
                ]
            ]
        },
        {
            "file_path": "train/shape09194_rank04_59",
            "rotation": 0.06283185307179587,
            "transform_matrix": [
                [
                    0.8443272113800049,
                    -0.3120977580547333,
                    0.43555304408073425,
                    0.6886698603630066
                ],
                [
                    0.5358278155326843,
                    0.49178600311279297,
                    -0.6863198280334473,
                    -1.0851670503616333
                ],
                [
                    0.0,
                    0.8128600120544434,
                    0.5824589729309082,
                    0.9209486246109009
                ],
                [
                    0.0,
                    0.0,
                    0.0,
                    1.0
                ]
            ]
        },
        {
            "file_path": "train/shape09194_rank04_17",
            "rotation": 0.06283185307179587,
            "transform_matrix": [
                [
                    -0.48175346851348877,
                    0.5104127526283264,
                    -0.7123148441314697,
                    -1.1262686252593994
                ],
                [
                    -0.8763066530227661,
                    -0.2806016802787781,
                    0.3915982246398926,
                    0.619171142578125
                ],
                [
                    -1.4901159417490817e-08,
                    0.8128600716590881,
                    0.582459032535553,
                    0.9209486246109009
                ],
                [
                    0.0,
                    0.0,
                    0.0,
                    1.0
                ]
            ]
        },
        {
            "file_path": "train/shape09194_rank04_5",
            "rotation": 0.06283185307179587,
            "transform_matrix": [
                [
                    -0.9510565400123596,
                    0.179989755153656,
                    -0.2511875629425049,
                    -0.39716243743896484
                ],
                [
                    -0.30901700258255005,
                    -0.5539514422416687,
                    0.7730758190155029,
                    1.2223403453826904
                ],
                [
                    0.0,
                    0.8128600120544434,
                    0.5824589729309082,
                    0.9209486246109009
                ],
                [
                    0.0,
                    0.0,
                    0.0,
                    1.0
                ]
            ]
        },
        {
            "file_path": "train/shape09194_rank04_24",
            "rotation": 0.06283185307179587,
            "transform_matrix": [
                [
                    -0.06279014050960541,
                    0.5813096761703491,
                    -0.8112560510635376,
                    -1.2827085256576538
                ],
                [
                    -0.9980267882347107,
                    -0.036572687327861786,
                    0.051039598882198334,
                    0.08070069551467896
                ],
                [
                    0.0,
                    0.8128600120544434,
                    0.5824589729309082,
                    0.9209486246109009
                ],
                [
                    0.0,
                    0.0,
                    0.0,
                    1.0
                ]
            ]
        },
        {
            "file_path": "train/shape09194_rank04_67",
            "rotation": 0.06283185307179587,
            "transform_matrix": [
                [
                    0.48175248503685,
                    -0.5104130506515503,
                    0.7123152017593384,
                    1.1262693405151367
                ],
                [
                    0.8763071894645691,
                    0.2806010842323303,
                    -0.3915974199771881,
                    -0.6191699504852295
                ],
                [
                    1.4901160305669237e-08,
                    0.8128600120544434,
                    0.5824589729309082,
                    0.9209486246109009
                ],
                [
                    0.0,
                    0.0,
                    0.0,
                    1.0
                ]
            ]
        },
        {
            "file_path": "train/shape09194_rank04_19",
            "rotation": 0.06283185307179587,
            "transform_matrix": [
                [
                    -0.3681242763996124,
                    0.5415567755699158,
                    -0.7557782530784607,
                    -1.1949903964996338
                ],
                [
                    -0.9297764897346497,
                    -0.21441732347011566,
                    0.2992335557937622,
                    0.4731297791004181
                ],
                [
                    1.4901160305669237e-08,
                    0.8128600120544434,
                    0.582459032535553,
                    0.9209486246109009
                ],
                [
                    0.0,
                    0.0,
                    0.0,
                    1.0
                ]
            ]
        },
        {
            "file_path": "train/shape09194_rank04_20",
            "rotation": 0.06283185307179587,
            "transform_matrix": [
                [
                    -0.30901670455932617,
                    0.5539515018463135,
                    -0.7730758190155029,
                    -1.2223403453826904
                ],
                [
                    -0.9510565400123596,
                    -0.17998960614204407,
                    0.2511873245239258,
                    0.3971620798110962
                ],
                [
                    -1.4901161193847656e-08,
                    0.8128600120544434,
                    0.5824589729309082,
                    0.9209486246109009
                ],
                [
                    0.0,
                    0.0,
                    0.0,
                    1.0
                ]
            ]
        },
        {
            "file_path": "train/shape09194_rank04_28",
            "rotation": 0.06283185307179587,
            "transform_matrix": [
                [
                    0.187381774187088,
                    0.5721420049667358,
                    -0.7984619736671448,
                    -1.262479305267334
                ],
                [
                    -0.9822871685028076,
                    0.10914221405982971,
                    -0.152315154671669,
                    -0.2408314347267151
                ],
                [
                    7.450580596923828e-09,
                    0.8128600120544434,
                    0.5824589729309082,
                    0.9209486246109009
                ],
                [
                    0.0,
                    0.0,
                    0.0,
                    1.0
                ]
            ]
        },
        {
            "file_path": "train/shape09194_rank04_68",
            "rotation": 0.06283185307179587,
            "transform_matrix": [
                [
                    0.4257781505584717,
                    -0.5270249843597412,
                    0.7354981899261475,
                    1.162924885749817
                ],
                [
                    0.9048275947570801,
                    0.24799831211566925,
                    -0.34609803557395935,
                    -0.5472291111946106
                ],
                [
                    0.0,
                    0.8128600716590881,
                    0.5824589729309082,
                    0.9209486246109009
                ],
                [
                    0.0,
                    0.0,
                    0.0,
                    1.0
                ]
            ]
        },
        {
            "file_path": "train/shape09194_rank04_81",
            "rotation": 0.06283185307179587,
            "transform_matrix": [
                [
                    -0.3681260645389557,
                    -0.5415563583374023,
                    0.7557776570320129,
                    1.1949894428253174
                ],
                [
                    0.9297758340835571,
                    -0.21441835165023804,
                    0.2992349863052368,
                    0.47313204407691956
                ],
                [
                    -1.4901161193847656e-08,
                    0.8128600120544434,
                    0.582459032535553,
                    0.9209486246109009
                ],
                [
                    0.0,
                    0.0,
                    0.0,
                    1.0
                ]
            ]
        },
        {
            "file_path": "train/shape09194_rank04_88",
            "rotation": 0.06283185307179587,
            "transform_matrix": [
                [
                    -0.7289696931838989,
                    -0.3987199068069458,
                    0.5564399361610413,
                    0.8798088431358337
                ],
                [
                    0.6845458149909973,
                    -0.42459502816200256,
                    0.5925503373146057,
                    0.9369044899940491
                ],
                [
                    1.4901161193847656e-08,
                    0.8128600120544434,
                    0.5824589729309082,
                    0.9209486246109009
                ],
                [
                    0.0,
                    0.0,
                    0.0,
                    1.0
                ]
            ]
        },
        {
            "file_path": "train/shape09194_rank04_74",
            "rotation": 0.06283185307179587,
            "transform_matrix": [
                [
                    0.06278909742832184,
                    -0.5813097357749939,
                    0.8112561702728271,
                    1.2827086448669434
                ],
                [
                    0.9980267286300659,
                    0.03657208010554314,
                    -0.05103875696659088,
                    -0.0806993618607521
                ],
                [
                    0.0,
                    0.8128600120544434,
                    0.582459032535553,
                    0.9209486246109009
                ],
                [
                    0.0,
                    0.0,
                    0.0,
                    1.0
                ]
            ]
        },
        {
            "file_path": "train/shape09194_rank04_96",
            "rotation": 0.06283185307179587,
            "transform_matrix": [
                [
                    -0.9685835242271423,
                    -0.14485053718090057,
                    0.20214849710464478,
                    0.3196248710155487
                ],
                [
                    0.24868792295455933,
                    -0.5641602277755737,
                    0.7873229384422302,
                    1.244866967201233
                ],
                [
                    -7.4505797087454084e-09,
                    0.8128600716590881,
                    0.5824589729309082,
                    0.9209486246109009
                ],
                [
                    0.0,
                    0.0,
                    0.0,
                    1.0
                ]
            ]
        },
        {
            "file_path": "train/shape09194_rank04_14",
            "rotation": 0.06283185307179587,
            "transform_matrix": [
                [
                    -0.6374237537384033,
                    0.448792427778244,
                    -0.6263195276260376,
                    -0.9902982115745544
                ],
                [
                    -0.7705133557319641,
                    -0.3712732195854187,
                    0.5181363224983215,
                    0.8192455768585205
                ],
                [
                    0.0,
                    0.8128600716590881,
                    0.5824589729309082,
                    0.9209486246109009
                ],
                [
                    0.0,
                    0.0,
                    0.0,
                    1.0
                ]
            ]
        },
        {
            "file_path": "train/shape09194_rank04_77",
            "rotation": 0.06283185307179587,
            "transform_matrix": [
                [
                    -0.1253347098827362,
                    -0.5778660178184509,
                    0.8064502477645874,
                    1.2751097679138184
                ],
                [
                    0.9921144247055054,
                    -0.07300233095884323,
                    0.10187958180904388,
                    0.16108576953411102
                ],
                [
                    0.0,
                    0.8128600120544434,
                    0.582459032535553,
                    0.9209486246109009
                ],
                [
                    0.0,
                    0.0,
                    0.0,
                    1.0
                ]
            ]
        }
    ]
}