{
    "shape09115_rank04_45.png": {
        "K": [
            274.49688720703125,
            0.0,
            128.0,
            0.0,
            0.0,
            274.49688720703125,
            128.0,
            0.0,
            0.0,
            0.0,
            1.0,
            0.0,
            0.0,
            0.0,
            0.0,
            1.0
        ],
        "W2C": [
            0.9510568699104457,
            -0.3090161685916977,
            -9.881910292755317e-09,
            -7.283701562249035e-09,
            -0.17998926353543412,
            -0.553951660038711,
            -0.8128601155824074,
            3.9134424467974984e-08,
            0.2511868947936812,
            0.7730761797616921,
            -0.5824590785201125,
            1.5811389910707685,
            0.0,
            0.0,
            0.0,
            1.0
        ],
        "img_size": [
            256,
            256
        ]
    },
    "shape09115_rank04_68.png": {
        "K": [
            274.49688720703125,
            0.0,
            128.0,
            0.0,
            0.0,
            274.49688720703125,
            128.0,
            0.0,
            0.0,
            0.0,
            1.0,
            0.0,
            0.0,
            0.0,
            0.0,
            1.0
        ],
        "W2C": [
            0.42577816559845005,
            0.9048276505583617,
            1.1947715822338211e-09,
            5.315692385526208e-09,
            0.5270249723481382,
            -0.24799831304884876,
            -0.8128600877132213,
            2.7597843833578454e-08,
            -0.7354983278435475,
            0.34609810564148924,
            -0.5824590938358313,
            1.5811391689731902,
            0.0,
            0.0,
            0.0,
            1.0
        ],
        "img_size": [
            256,
            256
        ]
    },
    "shape09115_rank04_58.png": {
        "K": [
            274.49688720703125,
            0.0,
            128.0,
            0.0,
            0.0,
            274.49688720703125,
            128.0,
            0.0,
            0.0,
            0.0,
            1.0,
            0.0,
            0.0,
            0.0,
            0.0,
            1.0
        ],
        "W2C": [
            0.8763062389012302,
            0.48175488904149616,
            1.890928146001546e-08,
            -1.0907427232118538e-08,
            0.2806024813959185,
            -0.5104124182819135,
            -0.8128600498860105,
            6.031429449123486e-09,
            -0.39159925524563366,
            0.712314220366657,
            -0.5824591105991197,
            1.581138875465853,
            0.0,
            0.0,
            0.0,
            1.0
        ],
        "img_size": [
            256,
            256
        ]
    },
    "shape09115_rank04_74.png": {
        "K": [
            274.49688720703125,
            0.0,
            128.0,
            0.0,
            0.0,
            274.49688720703125,
            128.0,
            0.0,
            0.0,
            0.0,
            1.0,
            0.0,
            0.0,
            0.0,
            0.0,
            1.0
        ],
        "W2C": [
            0.0627891017963973,
            0.9980267872136256,
            6.9551747068945e-10,
            5.298710396202274e-10,
            0.5813097298307267,
            -0.03657207987188642,
            -0.8128601084016805,
            3.9526873501213816e-08,
            -0.8112561673139868,
            0.051038755804426454,
            -0.5824590885412919,
            1.5811389905230797,
            0.0,
            0.0,
            0.0,
            1.0
        ],
        "img_size": [
            256,
            256
        ]
    },
    "shape09115_rank04_31.png": {
        "K": [
            274.49688720703125,
            0.0,
            128.0,
            0.0,
            0.0,
            274.49688720703125,
            128.0,
            0.0,
            0.0,
            0.0,
            1.0,
            0.0,
            0.0,
            0.0,
            0.0,
            1.0
        ],
        "W2C": [
            0.3681250443309592,
            -0.9297763520028491,
            8.185762414023097e-09,
            -4.095316549236393e-08,
            -0.5415565882156431,
            -0.21441773140107032,
            -0.8128601097693358,
            4.692223288005377e-08,
            0.755778084916956,
            0.29923414456923086,
            -0.5824590034504056,
            1.5811389802023619,
            0.0,
            0.0,
            0.0,
            1.0
        ],
        "img_size": [
            256,
            256
        ]
    },
    "shape09115_rank04_27.png": {
        "K": [
            274.49688720703125,
            0.0,
            128.0,
            0.0,
            0.0,
            274.49688720703125,
            128.0,
            0.0,
            0.0,
            0.0,
            1.0,
            0.0,
            0.0,
            0.0,
            0.0,
            1.0
        ],
        "W2C": [
            0.12533368976038248,
            -0.9921146848653072,
            -2.3546902788808514e-09,
            2.380767684646621e-09,
            -0.5778661757389972,
            -0.07300173997208913,
            -0.8128600765673677,
            -1.8135583444034762e-08,
            0.8064504590709964,
            0.10187876174527043,
            -0.5824591329681807,
            1.5811390709948514,
            0.0,
            0.0,
            0.0,
            1.0
        ],
        "img_size": [
            256,
            256
        ]
    },
    "shape09115_rank04_5.png": {
        "K": [
            274.49688720703125,
            0.0,
            128.0,
            0.0,
            0.0,
            274.49688720703125,
            128.0,
            0.0,
            0.0,
            0.0,
            1.0,
            0.0,
            0.0,
            0.0,
            0.0,
            1.0
        ],
        "W2C": [
            -0.9510564836051013,
            -0.30901701378292745,
            3.886417032006026e-09,
            4.860662763634129e-08,
            -0.17998974948347574,
            0.553951487946742,
            -0.8128600910140852,
            -3.7900448103891846e-08,
            0.25118759729737966,
            -0.7730759316903488,
            -0.5824591128068309,
            1.581139098578027,
            0.0,
            0.0,
            0.0,
            1.0
        ],
        "img_size": [
            256,
            256
        ]
    },
    "shape09115_rank04_71.png": {
        "K": [
            274.49688720703125,
            0.0,
            128.0,
            0.0,
            0.0,
            274.49688720703125,
            128.0,
            0.0,
            0.0,
            0.0,
            1.0,
            0.0,
            0.0,
            0.0,
            0.0,
            1.0
        ],
        "W2C": [
            0.24868860092508596,
            0.9685835238640532,
            -2.0196204329394874e-09,
            6.691551258350577e-12,
            0.5641602370930872,
            -0.14485092157049057,
            -0.8128601090050307,
            1.6850346516271567e-08,
            -0.7873229161816382,
            0.20214903937595108,
            -0.5824590876992768,
            1.5811390221696726,
            0.0,
            0.0,
            0.0,
            1.0
        ],
        "img_size": [
            256,
            256
        ]
    },
    "shape09115_rank04_96.png": {
        "K": [
            274.49688720703125,
            0.0,
            128.0,
            0.0,
            0.0,
            274.49688720703125,
            128.0,
            0.0,
            0.0,
            0.0,
            1.0,
            0.0,
            0.0,
            0.0,
            0.0,
            1.0
        ],
        "W2C": [
            -0.9685837289695508,
            0.24868797854360183,
            -8.397157234173588e-09,
            7.544023456648004e-09,
            0.14485055095217228,
            0.5641602922711165,
            -0.8128601021642193,
            4.236968907068466e-08,
            -0.2021485245868077,
            -0.787323054099433,
            -0.582459014063849,
            1.5811389865557384,
            0.0,
            0.0,
            0.0,
            1.0
        ],
        "img_size": [
            256,
            256
        ]
    },
    "shape09115_rank04_13.png": {
        "K": [
            274.49688720703125,
            0.0,
            128.0,
            0.0,
            0.0,
            274.49688720703125,
            128.0,
            0.0,
            0.0,
            0.0,
            1.0,
            0.0,
            0.0,
            0.0,
            0.0,
            1.0
        ],
        "W2C": [
            -0.6845470504330858,
            -0.7289687198731523,
            -1.9336833623078577e-08,
            6.907285428559087e-09,
            -0.42459440109027663,
            0.398720612580213,
            -0.8128600909969204,
            2.5282034867846157e-08,
            0.5925495807066529,
            -0.556440961764138,
            -0.5824591128307853,
            1.581139010402694,
            0.0,
            0.0,
            0.0,
            1.0
        ],
        "img_size": [
            256,
            256
        ]
    },
    "shape09115_rank04_22.png": {
        "K": [
            274.49688720703125,
            0.0,
            128.0,
            0.0,
            0.0,
            274.49688720703125,
            128.0,
            0.0,
            0.0,
            0.0,
            1.0,
            0.0,
            0.0,
            0.0,
            0.0,
            1.0
        ],
        "W2C": [
            -0.18738099342894762,
            -0.9822872727007924,
            -6.876499113036801e-09,
            1.545816325151027e-08,
            -0.572142147846318,
            0.10914176614287957,
            -0.8128601197224661,
            6.218987670377971e-08,
            0.7984622821536326,
            -0.15231456728150308,
            -0.5824591323470482,
            1.5811391206977188,
            0.0,
            0.0,
            0.0,
            1.0
        ],
        "img_size": [
            256,
            256
        ]
    },
    "shape09115_rank04_82.png": {
        "K": [
            274.49688720703125,
            0.0,
            128.0,
            0.0,
            0.0,
            274.49688720703125,
            128.0,
            0.0,
            0.0,
            0.0,
            1.0,
            0.0,
            0.0,
            0.0,
            0.0,
            1.0
        ],
        "W2C": [
            -0.4257807684742805,
            0.9048263837258045,
            7.828281090029391e-09,
            -2.1036107365334884e-08,
            0.5270243259531326,
            0.24799987655884823,
            -0.8128600848724052,
            5.04782309799522e-08,
            -0.7354972321864142,
            -0.3461001682618047,
            -0.5824590617732973,
            1.5811388134374083,
            0.0,
            0.0,
            0.0,
            1.0
        ],
        "img_size": [
            256,
            256
        ]
    },
    "shape09115_rank04_24.png": {
        "K": [
            274.49688720703125,
            0.0,
            128.0,
            0.0,
            0.0,
            274.49688720703125,
            128.0,
            0.0,
            0.0,
            0.0,
            1.0,
            0.0,
            0.0,
            0.0,
            0.0,
            1.0
        ],
        "W2C": [
            -0.06279014362568022,
            -0.9980267161174411,
            -1.2003075057350125e-09,
            -1.3175985131094239e-09,
            -0.5813097021445102,
            0.036572683526673685,
            -0.8128601163469166,
            5.416503443771168e-08,
            0.8112561286760407,
            -0.05103959824459899,
            -0.5824590774531896,
            1.5811389700945582,
            0.0,
            0.0,
            0.0,
            1.0
        ],
        "img_size": [
            256,
            256
        ]
    },
    "shape09115_rank04_6.png": {
        "K": [
            274.49688720703125,
            0.0,
            128.0,
            0.0,
            0.0,
            274.49688720703125,
            128.0,
            0.0,
            0.0,
            0.0,
            1.0,
            0.0,
            0.0,
            0.0,
            0.0,
            1.0
        ],
        "W2C": [
            -0.9297765246976196,
            -0.36812460355682886,
            3.6564608865782173e-09,
            8.283051474794404e-09,
            -0.21441749404999985,
            0.5415567505305675,
            -0.8128601112423997,
            4.263669306316778e-08,
            0.29923379138815503,
            -0.7557782560191761,
            -0.5824590845768804,
            1.5811389861831209,
            0.0,
            0.0,
            0.0,
            1.0
        ],
        "img_size": [
            256,
            256
        ]
    },
    "shape09115_rank04_92.png": {
        "K": [
            274.49688720703125,
            0.0,
            128.0,
            0.0,
            0.0,
            274.49688720703125,
            128.0,
            0.0,
            0.0,
            0.0,
            1.0,
            0.0,
            0.0,
            0.0,
            0.0,
            1.0
        ],
        "W2C": [
            -0.876307575462918,
            0.48175202565915404,
            -1.664943972475776e-08,
            3.3368621852140207e-09,
            0.28060082933295255,
            0.5104132933380348,
            -0.8128601125683803,
            5.3523179389565973e-08,
            -0.3915969897559229,
            -0.7123155144583597,
            -0.5824590827263865,
            1.5811389709903092,
            0.0,
            0.0,
            0.0,
            1.0
        ],
        "img_size": [
            256,
            256
        ]
    },
    "shape09115_rank04_94.png": {
        "K": [
            274.49688720703125,
            0.0,
            128.0,
            0.0,
            0.0,
            274.49688720703125,
            128.0,
            0.0,
            0.0,
            0.0,
            1.0,
            0.0,
            0.0,
            0.0,
            0.0,
            1.0
        ],
        "W2C": [
            -0.9297771797014749,
            0.36812278026134276,
            -9.113871957332471e-09,
            7.629252060831506e-10,
            0.21441644707018104,
            0.5415571551565291,
            -0.8128601150086244,
            3.350799671274414e-08,
            -0.29923230647191545,
            -0.7557788301192183,
            -0.5824590793208646,
            1.5811389989228202,
            0.0,
            0.0,
            0.0,
            1.0
        ],
        "img_size": [
            256,
            256
        ]
    },
    "shape09115_rank04_29.png": {
        "K": [
            274.49688720703125,
            0.0,
            128.0,
            0.0,
            0.0,
            274.49688720703125,
            128.0,
            0.0,
            0.0,
            0.0,
            1.0,
            0.0,
            0.0,
            0.0,
            0.0,
            1.0
        ],
        "W2C": [
            0.24869035931996647,
            -0.9685830343289252,
            -7.521672241259321e-09,
            1.2166810005324664e-08,
            -0.5641599606514269,
            -0.14485193957543757,
            -0.8128601017107393,
            3.7064486263793194e-08,
            0.7873225272078745,
            0.20215047245889473,
            -0.5824590978789429,
            1.581138993959504,
            0.0,
            0.0,
            0.0,
            1.0
        ],
        "img_size": [
            256,
            256
        ]
    },
    "shape09115_rank04_3.png": {
        "K": [
            274.49688720703125,
            0.0,
            128.0,
            0.0,
            0.0,
            274.49688720703125,
            128.0,
            0.0,
            0.0,
            0.0,
            1.0,
            0.0,
            0.0,
            0.0,
            0.0,
            1.0
        ],
        "W2C": [
            -0.9822872687003346,
            -0.1873813263932046,
            6.069961357958314e-09,
            -3.233613936415649e-09,
            -0.10914195590941522,
            0.5721420854122545,
            -0.8128601121778182,
            4.2824236491013964e-08,
            0.15231480396145605,
            -0.7984621157108116,
            -0.5824590832714421,
            1.5811389859213916,
            0.0,
            0.0,
            0.0,
            1.0
        ],
        "img_size": [
            256,
            256
        ]
    },
    "shape09115_rank04_47.png": {
        "K": [
            274.49688720703125,
            0.0,
            128.0,
            0.0,
            0.0,
            274.49688720703125,
            128.0,
            0.0,
            0.0,
            0.0,
            1.0,
            0.0,
            0.0,
            0.0,
            0.0,
            1.0
        ],
        "W2C": [
            0.9822875141623775,
            -0.1873803832897226,
            -9.842130608184948e-11,
            2.5703223091386862e-09,
            -0.10914139260024135,
            -0.5721421916044641,
            -0.8128601041893219,
            3.401400047909597e-08,
            0.15231404597799744,
            0.7984623432210253,
            -0.5824591540245804,
            1.5811391600190212,
            0.0,
            0.0,
            0.0,
            1.0
        ],
        "img_size": [
            256,
            256
        ]
    },
    "shape09115_rank04_86.png": {
        "K": [
            274.49688720703125,
            0.0,
            128.0,
            0.0,
            0.0,
            274.49688720703125,
            128.0,
            0.0,
            0.0,
            0.0,
            1.0,
            0.0,
            0.0,
            0.0,
            0.0,
            1.0
        ],
        "W2C": [
            -0.6374252544673991,
            0.7705121292421042,
            -2.0989664505407705e-09,
            -5.781278831726969e-08,
            0.4487918005391881,
            0.3712741068945157,
            -0.8128600961555004,
            1.4339668887593543e-08,
            -0.6263186178799167,
            -0.5181375865302441,
            -0.582459105631646,
            1.581139025673491,
            0.0,
            0.0,
            0.0,
            1.0
        ],
        "img_size": [
            256,
            256
        ]
    },
    "shape09115_rank04_35.png": {
        "K": [
            274.49688720703125,
            0.0,
            128.0,
            0.0,
            0.0,
            274.49688720703125,
            128.0,
            0.0,
            0.0,
            0.0,
            1.0,
            0.0,
            0.0,
            0.0,
            0.0,
            1.0
        ],
        "W2C": [
            0.5877857987085766,
            -0.8090166659958903,
            -2.3301257134269805e-09,
            1.1474964809932934e-08,
            -0.4712190375320977,
            -0.3423611317375891,
            -0.8128601108254179,
            2.7867616099722193e-08,
            0.65761734145823,
            0.4777875774074699,
            -0.5824590851588064,
            1.5811390067943445,
            0.0,
            0.0,
            0.0,
            1.0
        ],
        "img_size": [
            256,
            256
        ]
    },
    "shape09115_rank04_83.png": {
        "K": [
            274.49688720703125,
            0.0,
            128.0,
            0.0,
            0.0,
            274.49688720703125,
            128.0,
            0.0,
            0.0,
            0.0,
            1.0,
            0.0,
            0.0,
            0.0,
            0.0,
            1.0
        ],
        "W2C": [
            -0.4817551605145001,
            0.8763059362694697,
            7.3980760571122715e-09,
            -3.988825396225196e-08,
            0.5104123158479544,
            0.28060264218589764,
            -0.8128600718279516,
            2.99401226471776e-08,
            -0.7123140527636487,
            -0.39159952447606705,
            -0.5824590799776935,
            1.5811388420996952,
            0.0,
            0.0,
            0.0,
            1.0
        ],
        "img_size": [
            256,
            256
        ]
    },
    "shape09115_rank04_48.png": {
        "K": [
            274.49688720703125,
            0.0,
            128.0,
            0.0,
            0.0,
            274.49688720703125,
            128.0,
            0.0,
            0.0,
            0.0,
            1.0,
            0.0,
            0.0,
            0.0,
            0.0,
            1.0
        ],
        "W2C": [
            0.992114809365348,
            -0.12533224746896288,
            2.706274946886492e-09,
            8.158633703338484e-09,
            -0.07300089654935978,
            -0.5778662338003385,
            -0.8128601012325144,
            6.243255621318965e-08,
            0.10187758469308077,
            0.8064505400994467,
            -0.5824590985463375,
            1.581138958556685,
            0.0,
            0.0,
            0.0,
            1.0
        ],
        "img_size": [
            256,
            256
        ]
    },
    "shape09115_rank04_54.png": {
        "K": [
            274.49688720703125,
            0.0,
            128.0,
            0.0,
            0.0,
            274.49688720703125,
            128.0,
            0.0,
            0.0,
            0.0,
            1.0,
            0.0,
            0.0,
            0.0,
            0.0,
            1.0
        ],
        "W2C": [
            0.968582945416709,
            0.2486910083361912,
            6.556383786924151e-09,
            -3.1163391770486044e-09,
            0.1448523346631438,
            -0.5641598920859712,
            -0.8128600952447588,
            8.132322723793511e-09,
            -0.20215099905046702,
            0.7873224378825492,
            -0.5824591069026462,
            1.5811390343362512,
            0.0,
            0.0,
            0.0,
            1.0
        ],
        "img_size": [
            256,
            256
        ]
    },
    "shape09115_rank04_69.png": {
        "K": [
            274.49688720703125,
            0.0,
            128.0,
            0.0,
            0.0,
            274.49688720703125,
            128.0,
            0.0,
            0.0,
            0.0,
            1.0,
            0.0,
            0.0,
            0.0,
            0.0,
            1.0
        ],
        "W2C": [
            0.368123317768617,
            0.9297769097118616,
            -8.753744322999543e-09,
            1.0880474563114431e-08,
            0.5415569643915977,
            -0.21441675995040116,
            -0.812860092914452,
            6.245476948073591e-08,
            -0.7557786193131844,
            0.29923276505882157,
            -0.5824590269725116,
            1.581138958525678,
            0.0,
            0.0,
            0.0,
            1.0
        ],
        "img_size": [
            256,
            256
        ]
    },
    "shape09115_rank04_43.png": {
        "K": [
            274.49688720703125,
            0.0,
            128.0,
            0.0,
            0.0,
            274.49688720703125,
            128.0,
            0.0,
            0.0,
            0.0,
            1.0,
            0.0,
            0.0,
            0.0,
            0.0,
            1.0
        ],
        "W2C": [
            0.9048273975772578,
            -0.4257784722509767,
            1.3758251809852756e-08,
            2.848655043261702e-08,
            -0.2479985059130669,
            -0.5270249332685066,
            -0.8128600888115558,
            5.3520878649708126e-08,
            0.3460983371490973,
            0.7354981332150475,
            -0.5824591158806061,
            1.5811389709935209,
            0.0,
            0.0,
            0.0,
            1.0
        ],
        "img_size": [
            256,
            256
        ]
    },
    "shape09115_rank04_90.png": {
        "K": [
            274.49688720703125,
            0.0,
            128.0,
            0.0,
            0.0,
            274.49688720703125,
            128.0,
            0.0,
            0.0,
            0.0,
            1.0,
            0.0,
            0.0,
            0.0,
            0.0,
            1.0
        ],
        "W2C": [
            -0.8090181096408049,
            0.5877837872855821,
            -3.422720582117383e-09,
            -1.875319522477894e-08,
            0.34235993463835246,
            0.4712198824612768,
            -0.8128601012236054,
            2.3515401693117205e-08,
            -0.4777859907041006,
            -0.6576186361299009,
            -0.5824590749811933,
            1.5811391746705097,
            0.0,
            0.0,
            0.0,
            1.0
        ],
        "img_size": [
            256,
            256
        ]
    },
    "shape09115_rank04_4.png": {
        "K": [
            274.49688720703125,
            0.0,
            128.0,
            0.0,
            0.0,
            274.49688720703125,
            128.0,
            0.0,
            0.0,
            0.0,
            1.0,
            0.0,
            0.0,
            0.0,
            0.0,
            1.0
        ],
        "W2C": [
            -0.9685832271094662,
            -0.24868988298500178,
            2.312049623736438e-09,
            -1.4867974993851507e-08,
            -0.14485166330384128,
            0.5641600199823467,
            -0.8128601628719571,
            5.966798333980793e-08,
            0.20215006212416364,
            -0.787322616370384,
            -0.5824590125244191,
            1.5811389624148289,
            0.0,
            0.0,
            0.0,
            1.0
        ],
        "img_size": [
            256,
            256
        ]
    },
    "shape09115_rank04_93.png": {
        "K": [
            274.49688720703125,
            0.0,
            128.0,
            0.0,
            0.0,
            274.49688720703125,
            128.0,
            0.0,
            0.0,
            0.0,
            1.0,
            0.0,
            0.0,
            0.0,
            0.0,
            1.0
        ],
        "W2C": [
            -0.904827977203659,
            0.42577765768270215,
            1.4217856643102508e-08,
            1.086777494862232e-08,
            0.24799802569178178,
            0.5270251951740412,
            -0.8128600700529446,
            3.879154692363672e-08,
            -0.3460976315514191,
            -0.735498423455965,
            -0.5824590824548326,
            1.5811388297469482,
            0.0,
            0.0,
            0.0,
            1.0
        ],
        "img_size": [
            256,
            256
        ]
    },
    "shape09115_rank04_67.png": {
        "K": [
            274.49688720703125,
            0.0,
            128.0,
            0.0,
            0.0,
            274.49688720703125,
            128.0,
            0.0,
            0.0,
            0.0,
            1.0,
            0.0,
            0.0,
            0.0,
            0.0,
            1.0
        ],
        "W2C": [
            0.4817525652466953,
            0.8763073579247881,
            2.1311313658695704e-09,
            3.750159992302658e-08,
            0.5104131090313273,
            -0.28060110997751314,
            -0.8128601511105427,
            2.7096392507351976e-08,
            -0.7123153054898408,
            0.39159746632471015,
            -0.5824590885429073,
            1.5811391696730026,
            0.0,
            0.0,
            0.0,
            1.0
        ],
        "img_size": [
            256,
            256
        ]
    },
    "shape09115_rank04_87.png": {
        "K": [
            274.49688720703125,
            0.0,
            128.0,
            0.0,
            0.0,
            274.49688720703125,
            128.0,
            0.0,
            0.0,
            0.0,
            1.0,
            0.0,
            0.0,
            0.0,
            0.0,
            1.0
        ],
        "W2C": [
            -0.684548444754167,
            0.7289674904217974,
            8.663456288186848e-09,
            -5.236114464532078e-08,
            0.42459370034004434,
            0.39872141893293805,
            -0.8128601007838404,
            2.6113992103986472e-08,
            -0.592548585250466,
            -0.5564421057320348,
            -0.5824590991724916,
            1.5811390092416426,
            0.0,
            0.0,
            0.0,
            1.0
        ],
        "img_size": [
            256,
            256
        ]
    },
    "shape09115_rank04_33.png": {
        "K": [
            274.49688720703125,
            0.0,
            128.0,
            0.0,
            0.0,
            274.49688720703125,
            128.0,
            0.0,
            0.0,
            0.0,
            1.0,
            0.0,
            0.0,
            0.0,
            0.0,
            1.0
        ],
        "W2C": [
            0.48175424135964195,
            -0.8763063638910146,
            1.2556562349867641e-08,
            -7.640668859612598e-09,
            -0.5104125868210855,
            -0.28060214716131,
            -0.8128601080359925,
            1.7306734035591625e-08,
            0.7123145161424825,
            0.3915988512912847,
            -0.5824590890516336,
            1.5811390215327537,
            0.0,
            0.0,
            0.0,
            1.0
        ],
        "img_size": [
            256,
            256
        ]
    },
    "shape09115_rank04_60.png": {
        "K": [
            274.49688720703125,
            0.0,
            128.0,
            0.0,
            0.0,
            274.49688720703125,
            128.0,
            0.0,
            0.0,
            0.0,
            1.0,
            0.0,
            0.0,
            0.0,
            0.0,
            1.0
        ],
        "W2C": [
            0.8090163200931308,
            0.5877863722349257,
            -1.1477266581298404e-08,
            -3.2259737018261726e-09,
            0.3423614350831654,
            -0.4712188503638598,
            -0.812860104255005,
            4.366790733507236e-08,
            -0.4777880214435114,
            0.6576170652151392,
            -0.5824590943282518,
            1.5811389847439932,
            0.0,
            0.0,
            0.0,
            1.0
        ],
        "img_size": [
            256,
            256
        ]
    },
    "shape09115_rank04_28.png": {
        "K": [
            274.49688720703125,
            0.0,
            128.0,
            0.0,
            0.0,
            274.49688720703125,
            128.0,
            0.0,
            0.0,
            0.0,
            1.0,
            0.0,
            0.0,
            0.0,
            0.0,
            1.0
        ],
        "W2C": [
            0.18738177989986116,
            -0.9822871565172763,
            9.667947461063352e-09,
            -1.4813630705355866e-08,
            -0.5721420337946148,
            -0.1091422130649742,
            -0.8128601199211746,
            5.634150604424481e-08,
            0.7984620436749879,
            0.15231516283904453,
            -0.5824590724650762,
            1.5811389670571478,
            0.0,
            0.0,
            0.0,
            1.0
        ],
        "img_size": [
            256,
            256
        ]
    },
    "shape09115_rank04_0.png": {
        "K": [
            274.49688720703125,
            0.0,
            128.0,
            0.0,
            0.0,
            274.49688720703125,
            128.0,
            0.0,
            0.0,
            0.0,
            1.0,
            0.0,
            0.0,
            0.0,
            0.0,
            1.0
        ],
        "W2C": [
            -1.0000000596046483,
            -0.0,
            -0.0,
            -0.0,
            -0.0,
            0.5824590939882313,
            -0.8128600617886284,
            -4.00932205991493e-08,
            -0.0,
            -0.8128601809979428,
            -0.5824591535928885,
            1.581139101638186,
            0.0,
            0.0,
            0.0,
            1.0
        ],
        "img_size": [
            256,
            256
        ]
    },
    "shape09115_rank04_1.png": {
        "K": [
            274.49688720703125,
            0.0,
            128.0,
            0.0,
            0.0,
            274.49688720703125,
            128.0,
            0.0,
            0.0,
            0.0,
            1.0,
            0.0,
            0.0,
            0.0,
            0.0,
            1.0
        ],
        "W2C": [
            -0.9980268465055917,
            -0.06279053335434284,
            2.7897400302309297e-09,
            -1.577703028618831e-09,
            -0.036572915122386467,
            0.5813097130538788,
            -0.8128600880683909,
            4.702419333637316e-08,
            0.0510399098454968,
            -0.8112560612842952,
            -0.5824590573130887,
            1.5811388182577464,
            0.0,
            0.0,
            0.0,
            1.0
        ],
        "img_size": [
            256,
            256
        ]
    },
    "shape09115_rank04_59.png": {
        "K": [
            274.49688720703125,
            0.0,
            128.0,
            0.0,
            0.0,
            274.49688720703125,
            128.0,
            0.0,
            0.0,
            0.0,
            1.0,
            0.0,
            0.0,
            0.0,
            0.0,
            1.0
        ],
        "W2C": [
            0.8443272886882423,
            0.5358279031565185,
            -1.10543277027706e-08,
            3.9348678303332193e-08,
            0.3120977836884238,
            -0.49178606212811127,
            -0.8128601108897623,
            3.3564154781046134e-08,
            -0.43555309472626214,
            0.6863199692471436,
            -0.5824590850690093,
            1.581138998844448,
            0.0,
            0.0,
            0.0,
            1.0
        ],
        "img_size": [
            256,
            256
        ]
    },
    "shape09115_rank04_97.png": {
        "K": [
            274.49688720703125,
            0.0,
            128.0,
            0.0,
            0.0,
            274.49688720703125,
            128.0,
            0.0,
            0.0,
            0.0,
            1.0,
            0.0,
            0.0,
            0.0,
            0.0,
            1.0
        ],
        "W2C": [
            -0.9822876662057272,
            0.187379364580229,
            -3.5223095139750252e-09,
            -4.310577752966414e-09,
            0.10914080394222019,
            0.5721423517011944,
            -0.8128601086175221,
            -1.5553226892800413e-08,
            -0.152313196315056,
            -0.7984624873346104,
            -0.5824590882400708,
            1.581139067391002,
            0.0,
            0.0,
            0.0,
            1.0
        ],
        "img_size": [
            256,
            256
        ]
    },
    "shape09115_rank04_30.png": {
        "K": [
            274.49688720703125,
            0.0,
            128.0,
            0.0,
            0.0,
            274.49688720703125,
            128.0,
            0.0,
            0.0,
            0.0,
            1.0,
            0.0,
            0.0,
            0.0,
            0.0,
            1.0
        ],
        "W2C": [
            0.30901754759678607,
            -0.9510564435642214,
            -1.4849849556340081e-08,
            2.8535924061271055e-08,
            -0.5539514051558861,
            -0.1799900740815193,
            -0.8128600534881985,
            -1.4717515134707947e-08,
            0.7730757370392473,
            0.25118802459064526,
            -0.582459105572029,
            1.5811389044223745,
            0.0,
            0.0,
            0.0,
            1.0
        ],
        "img_size": [
            256,
            256
        ]
    },
    "shape09115_rank04_7.png": {
        "K": [
            274.49688720703125,
            0.0,
            128.0,
            0.0,
            0.0,
            274.49688720703125,
            128.0,
            0.0,
            0.0,
            0.0,
            1.0,
            0.0,
            0.0,
            0.0,
            0.0,
            1.0
        ],
        "W2C": [
            -0.9048270362715894,
            -0.4257792922657114,
            1.702465598903873e-11,
            -9.71008061582466e-09,
            -0.2479990083453916,
            0.5270246966315708,
            -0.8128600980486038,
            6.228559939739115e-08,
            0.34609901517825464,
            -0.7354978138653293,
            -0.582459102989695,
            1.5811389587617728,
            0.0,
            0.0,
            0.0,
            1.0
        ],
        "img_size": [
            256,
            256
        ]
    }
}