{
    "camera_angle_x": 0.8726646304130554,
    "frames": [
        {
            "file_path": "train/shape09154_rank00_57",
            "rotation": 0.06283185307179587,
            "transform_matrix": [
                [
                    0.9048264622688293,
                    -0.2479996383190155,
                    0.346099853515625,
                    0.5472319722175598
                ],
                [
                    0.42578038573265076,
                    0.5270243883132935,
                    -0.7354972958564758,
                    -1.1629234552383423
                ],
                [
                    0.0,
                    0.8128600120544434,
                    0.5824589729309082,
                    0.9209486246109009
                ],
                [
                    0.0,
                    0.0,
                    0.0,
                    1.0
                ]
            ]
        },
        {
            "file_path": "train/shape09154_rank00_98",
            "rotation": 0.06283185307179587,
            "transform_matrix": [
                [
                    -0.9921150207519531,
                    -0.07300028949975967,
                    0.10187672078609467,
                    0.16108126938343048
                ],
                [
                    0.12533122301101685,
                    -0.57786625623703,
                    0.8064505457878113,
                    1.2751104831695557
                ],
                [
                    -3.725290742551124e-09,
                    0.8128600716590881,
                    0.5824589729309082,
                    0.9209486246109009
                ],
                [
                    0.0,
                    0.0,
                    0.0,
                    1.0
                ]
            ]
        },
        {
            "file_path": "train/shape09154_rank00_17",
            "rotation": 0.06283185307179587,
            "transform_matrix": [
                [
                    -0.48175352811813354,
                    0.5104127526283264,
                    -0.712314784526825,
                    -1.1262686252593994
                ],
                [
                    -0.8763067722320557,
                    -0.2806016802787781,
                    0.3915981650352478,
                    0.619171142578125
                ],
                [
                    -1.4901161193847656e-08,
                    0.8128600716590881,
                    0.5824589729309082,
                    0.9209486246109009
                ],
                [
                    0.0,
                    0.0,
                    0.0,
                    1.0
                ]
            ]
        },
        {
            "file_path": "train/shape09154_rank00_56",
            "rotation": 0.06283185307179587,
            "transform_matrix": [
                [
                    0.9297760725021362,
                    -0.21441811323165894,
                    0.29923462867736816,
                    0.47313153743743896
                ],
                [
                    0.36812564730644226,
                    0.5415564775466919,
                    -0.7557777762413025,
                    -1.1949896812438965
                ],
                [
                    -1.4901161193847656e-08,
                    0.8128600120544434,
                    0.5824589729309082,
                    0.9209486246109009
                ],
                [
                    0.0,
                    0.0,
                    0.0,
                    1.0
                ]
            ]
        },
        {
            "file_path": "train/shape09154_rank00_90",
            "rotation": 0.06283185307179587,
            "transform_matrix": [
                [
                    -0.809018075466156,
                    -0.3423599302768707,
                    0.4777858853340149,
                    0.7554459571838379
                ],
                [
                    0.587783694267273,
                    -0.47121983766555786,
                    0.6576184034347534,
                    1.0397862195968628
                ],
                [
                    -1.4901161193847656e-08,
                    0.8128600716590881,
                    0.5824589133262634,
                    0.9209486246109009
                ],
                [
                    0.0,
                    0.0,
                    0.0,
                    1.0
                ]
            ]
        },
        {
            "file_path": "train/shape09154_rank00_43",
            "rotation": 0.06283185307179587,
            "transform_matrix": [
                [
                    0.9048275351524353,
                    0.24799852073192596,
                    -0.34609830379486084,
                    -0.547229528427124
                ],
                [
                    -0.42577850818634033,
                    0.5270249247550964,
                    -0.7354980111122131,
                    -1.1629245281219482
                ],
                [
                    1.4901162970204496e-08,
                    0.8128600120544434,
                    0.5824589729309082,
                    0.9209486246109009
                ],
                [
                    0.0,
                    0.0,
                    0.0,
                    1.0
                ]
            ]
        },
        {
            "file_path": "train/shape09154_rank00_96",
            "rotation": 0.06283185307179587,
            "transform_matrix": [
                [
                    -0.9685836434364319,
                    -0.14485053718090057,
                    0.20214848220348358,
                    0.3196248710155487
                ],
                [
                    0.2486879527568817,
                    -0.5641602277755737,
                    0.7873228788375854,
                    1.244866967201233
                ],
                [
                    -7.450580596923828e-09,
                    0.8128600716590881,
                    0.5824589729309082,
                    0.9209486246109009
                ],
                [
                    0.0,
                    0.0,
                    0.0,
                    1.0
                ]
            ]
        },
        {
            "file_path": "train/shape09154_rank00_58",
            "rotation": 0.06283185307179587,
            "transform_matrix": [
                [
                    0.8763059973716736,
                    -0.28060245513916016,
                    0.391599178314209,
                    0.6191726922988892
                ],
                [
                    0.48175477981567383,
                    0.5104123950004578,
                    -0.7123141288757324,
                    -1.1262675523757935
                ],
                [
                    1.4901160305669237e-08,
                    0.8128600120544434,
                    0.582459032535553,
                    0.9209486246109009
                ],
                [
                    0.0,
                    0.0,
                    0.0,
                    1.0
                ]
            ]
        },
        {
            "file_path": "train/shape09154_rank00_0",
            "rotation": 0.06283185307179587,
            "transform_matrix": [
                [
                    -1.0,
                    0.0,
                    0.0,
                    0.0
                ],
                [
                    0.0,
                    -0.582459032535553,
                    0.8128598928451538,
                    1.2852445840835571
                ],
                [
                    0.0,
                    0.8128600120544434,
                    0.5824589729309082,
                    0.9209486246109009
                ],
                [
                    0.0,
                    0.0,
                    0.0,
                    1.0
                ]
            ]
        },
        {
            "file_path": "train/shape09154_rank00_40",
            "rotation": 0.06283185307179587,
            "transform_matrix": [
                [
                    0.8090173602104187,
                    0.3423604667186737,
                    -0.4777866303920746,
                    -0.7554470300674438
                ],
                [
                    -0.5877845883369446,
                    0.4712195098400116,
                    -0.6576179265975952,
                    -1.039785385131836
                ],
                [
                    -1.4901160305669237e-08,
                    0.8128600120544434,
                    0.5824589729309082,
                    0.9209486246109009
                ],
                [
                    0.0,
                    0.0,
                    0.0,
                    1.0
                ]
            ]
        },
        {
            "file_path": "train/shape09154_rank00_95",
            "rotation": 0.06283185307179587,
            "transform_matrix": [
                [
                    -0.9510571956634521,
                    -0.17998863756656647,
                    0.2511860132217407,
                    0.39716002345085144
                ],
                [
                    0.3090151250362396,
                    -0.5539517998695374,
                    0.7730762362480164,
                    1.2223410606384277
                ],
                [
                    0.0,
                    0.8128600120544434,
                    0.5824589729309082,
                    0.9209486246109009
                ],
                [
                    0.0,
                    0.0,
                    0.0,
                    1.0
                ]
            ]
        },
        {
            "file_path": "train/shape09154_rank00_61",
            "rotation": 0.06283185307179587,
            "transform_matrix": [
                [
                    0.7705124020576477,
                    -0.3712739646434784,
                    0.5181372761726379,
                    0.8192470669746399
                ],
                [
                    0.6374250054359436,
                    0.44879189133644104,
                    -0.6263186931610107,
                    -0.9902969002723694
                ],
                [
                    0.0,
                    0.8128600120544434,
                    0.5824589729309082,
                    0.9209486246109009
                ],
                [
                    0.0,
                    0.0,
                    0.0,
                    1.0
                ]
            ]
        },
        {
            "file_path": "train/shape09154_rank00_54",
            "rotation": 0.06283185307179587,
            "transform_matrix": [
                [
                    0.9685829281806946,
                    -0.14485231041908264,
                    0.20215095579624176,
                    0.3196287453174591
                ],
                [
                    0.24869100749492645,
                    0.5641598105430603,
                    -0.7873222827911377,
                    -1.244865894317627
                ],
                [
                    7.450581485102248e-09,
                    0.8128600120544434,
                    0.5824589729309082,
                    0.9209486246109009
                ],
                [
                    0.0,
                    0.0,
                    0.0,
                    1.0
                ]
            ]
        },
        {
            "file_path": "train/shape09154_rank00_89",
            "rotation": 0.06283185307179587,
            "transform_matrix": [
                [
                    -0.7705144286155701,
                    -0.3712725341320038,
                    0.5181353092193604,
                    0.8192439675331116
                ],
                [
                    0.6374226212501526,
                    -0.44879305362701416,
                    0.6263203024864197,
                    0.9902994632720947
                ],
                [
                    1.4901162970204496e-08,
                    0.8128600120544434,
                    0.5824589729309082,
                    0.9209486246109009
                ],
                [
                    0.0,
                    0.0,
                    0.0,
                    1.0
                ]
            ]
        },
        {
            "file_path": "train/shape09154_rank00_26",
            "rotation": 0.06283185307179587,
            "transform_matrix": [
                [
                    0.06279094517230988,
                    0.5813096761703491,
                    -0.8112559914588928,
                    -1.2827084064483643
                ],
                [
                    -0.9980267286300659,
                    0.036573152989149094,
                    -0.051040247082710266,
                    -0.08070172369480133
                ],
                [
                    0.0,
                    0.8128600120544434,
                    0.5824589729309082,
                    0.9209486246109009
                ],
                [
                    0.0,
                    0.0,
                    0.0,
                    1.0
                ]
            ]
        },
        {
            "file_path": "train/shape09154_rank00_71",
            "rotation": 0.06283185307179587,
            "transform_matrix": [
                [
                    0.24868860840797424,
                    -0.564160168170929,
                    0.7873227000236511,
                    1.2448667287826538
                ],
                [
                    0.9685835838317871,
                    0.14485090970993042,
                    -0.20214898884296417,
                    -0.3196256756782532
                ],
                [
                    0.0,
                    0.8128600120544434,
                    0.5824589133262634,
                    0.9209486246109009
                ],
                [
                    0.0,
                    0.0,
                    0.0,
                    1.0
                ]
            ]
        },
        {
            "file_path": "train/shape09154_rank00_32",
            "rotation": 0.06283185307179587,
            "transform_matrix": [
                [
                    0.4257797598838806,
                    0.527024507522583,
                    -0.7354975342750549,
                    -1.162923812866211
                ],
                [
                    -0.9048267602920532,
                    0.24799926578998566,
                    -0.3460993766784668,
                    -0.5472311973571777
                ],
                [
                    0.0,
                    0.8128600716590881,
                    0.5824589729309082,
                    0.9209486246109009
                ],
                [
                    0.0,
                    0.0,
                    0.0,
                    1.0
                ]
            ]
        },
        {
            "file_path": "train/shape09154_rank00_6",
            "rotation": 0.06283185307179587,
            "transform_matrix": [
                [
                    -0.9297764897346497,
                    0.2144174724817276,
                    -0.29923373460769653,
                    -0.47313010692596436
                ],
                [
                    -0.3681245744228363,
                    -0.5415566563606262,
                    0.7557780742645264,
                    1.1949901580810547
                ],
                [
                    0.0,
                    0.8128600120544434,
                    0.5824589729309082,
                    0.9209486246109009
                ],
                [
                    0.0,
                    0.0,
                    0.0,
                    1.0
                ]
            ]
        },
        {
            "file_path": "train/shape09154_rank00_62",
            "rotation": 0.06283185307179587,
            "transform_matrix": [
                [
                    0.7289677858352661,
                    -0.3987211585044861,
                    0.5564417243003845,
                    0.879811704158783
                ],
                [
                    0.684548020362854,
                    0.42459380626678467,
                    -0.5925487279891968,
                    -0.936901867389679
                ],
                [
                    0.0,
                    0.8128600716590881,
                    0.5824589729309082,
                    0.9209486246109009
                ],
                [
                    0.0,
                    0.0,
                    0.0,
                    1.0
                ]
            ]
        },
        {
            "file_path": "train/shape09154_rank00_12",
            "rotation": 0.06283185307179587,
            "transform_matrix": [
                [
                    -0.7289685606956482,
                    0.3987206816673279,
                    -0.5564410090446472,
                    -0.879810631275177
                ],
                [
                    -0.6845471858978271,
                    -0.42459431290626526,
                    0.5925493836402893,
                    0.9369029402732849
                ],
                [
                    0.0,
                    0.8128600120544434,
                    0.5824589729309082,
                    0.9209486246109009
                ],
                [
                    0.0,
                    0.0,
                    0.0,
                    1.0
                ]
            ]
        },
        {
            "file_path": "train/shape09154_rank00_29",
            "rotation": 0.06283185307179587,
            "transform_matrix": [
                [
                    0.24869035184383392,
                    0.5641599297523499,
                    -0.7873224020004272,
                    -1.244866132736206
                ],
                [
                    -0.9685830473899841,
                    0.1448519378900528,
                    -0.20215044915676117,
                    -0.31962794065475464
                ],
                [
                    -7.450580596923828e-09,
                    0.8128600120544434,
                    0.5824589729309082,
                    0.9209486246109009
                ],
                [
                    0.0,
                    0.0,
                    0.0,
                    1.0
                ]
            ]
        },
        {
            "file_path": "train/shape09154_rank00_1",
            "rotation": 0.06283185307179587,
            "transform_matrix": [
                [
                    -0.9980267286300659,
                    0.036572910845279694,
                    -0.05103990435600281,
                    -0.08070117980241776
                ],
                [
                    -0.06279052793979645,
                    -0.5813096761703491,
                    0.8112559914588928,
                    1.2827084064483643
                ],
                [
                    3.725290298461914e-09,
                    0.8128600120544434,
                    0.582459032535553,
                    0.9209486246109009
                ],
                [
                    0.0,
                    0.0,
                    0.0,
                    1.0
                ]
            ]
        },
        {
            "file_path": "train/shape09154_rank00_66",
            "rotation": 0.06283185307179587,
            "transform_matrix": [
                [
                    0.535825788974762,
                    -0.49178677797317505,
                    0.686320960521698,
                    1.085168719291687
                ],
                [
                    0.8443286418914795,
                    0.31209656596183777,
                    -0.43555137515068054,
                    -0.6886671781539917
                ],
                [
                    0.0,
                    0.8128600120544434,
                    0.582459032535553,
                    0.9209486246109009
                ],
                [
                    0.0,
                    0.0,
                    0.0,
                    1.0
                ]
            ]
        },
        {
            "file_path": "train/shape09154_rank00_34",
            "rotation": 0.06283185307179587,
            "transform_matrix": [
                [
                    0.5358273386955261,
                    0.4917862117290497,
                    -0.6863201260566711,
                    -1.0851675271987915
                ],
                [
                    -0.8443276286125183,
                    0.3120974898338318,
                    -0.43555259704589844,
                    -0.6886692047119141
                ],
                [
                    1.4901161193847656e-08,
                    0.8128600120544434,
                    0.5824589729309082,
                    0.9209486246109009
                ],
                [
                    0.0,
                    0.0,
                    0.0,
                    1.0
                ]
            ]
        },
        {
            "file_path": "train/shape09154_rank00_8",
            "rotation": 0.06283185307179587,
            "transform_matrix": [
                [
                    -0.8763067722320557,
                    0.2806017994880676,
                    -0.39159828424453735,
                    -0.6191713213920593
                ],
                [
                    -0.48175370693206787,
                    -0.5104127526283264,
                    0.7123146057128906,
                    1.1262683868408203
                ],
                [
                    0.0,
                    0.8128600120544434,
                    0.5824589729309082,
                    0.9209486246109009
                ],
                [
                    0.0,
                    0.0,
                    0.0,
                    1.0
                ]
            ]
        },
        {
            "file_path": "train/shape09154_rank00_92",
            "rotation": 0.06283185307179587,
            "transform_matrix": [
                [
                    -0.8763076663017273,
                    -0.28060081601142883,
                    0.3915969431400299,
                    0.6191691756248474
                ],
                [
                    0.48175203800201416,
                    -0.5104132294654846,
                    0.7123153805732727,
                    1.1262695789337158
                ],
                [
                    -1.4901162970204496e-08,
                    0.8128600120544434,
                    0.5824589729309082,
                    0.9209486246109009
                ],
                [
                    0.0,
                    0.0,
                    0.0,
                    1.0
                ]
            ]
        },
        {
            "file_path": "train/shape09154_rank00_79",
            "rotation": 0.06283185307179587,
            "transform_matrix": [
                [
                    -0.2486913800239563,
                    -0.5641598105430603,
                    0.7873221039772034,
                    1.2448657751083374
                ],
                [
                    0.968582808971405,
                    -0.14485254883766174,
                    0.20215125381946564,
                    0.3196292519569397
                ],
                [
                    0.0,
                    0.8128600120544434,
                    0.5824589729309082,
                    0.9209486246109009
                ],
                [
                    0.0,
                    0.0,
                    0.0,
                    1.0
                ]
            ]
        },
        {
            "file_path": "train/shape09154_rank00_39",
            "rotation": 0.06283185307179587,
            "transform_matrix": [
                [
                    0.7705137729644775,
                    0.371273010969162,
                    -0.5181359052658081,
                    -0.8192449808120728
                ],
                [
                    -0.6374234557151794,
                    0.4487926661968231,
                    -0.6263197064399719,
                    -0.9902986288070679
                ],
                [
                    0.0,
                    0.8128600120544434,
                    0.5824589133262634,
                    0.9209486246109009
                ],
                [
                    0.0,
                    0.0,
                    0.0,
                    1.0
                ]
            ]
        },
        {
            "file_path": "train/shape09154_rank00_27",
            "rotation": 0.06283185307179587,
            "transform_matrix": [
                [
                    0.12533369660377502,
                    0.5778661370277405,
                    -0.8064503073692322,
                    -1.2751100063323975
                ],
                [
                    -0.9921146631240845,
                    0.07300173491239548,
                    -0.10187873989343643,
                    -0.16108444333076477
                ],
                [
                    -3.725290742551124e-09,
                    0.8128600120544434,
                    0.5824589729309082,
                    0.9209486246109009
                ],
                [
                    0.0,
                    0.0,
                    0.0,
                    1.0
                ]
            ]
        },
        {
            "file_path": "train/shape09154_rank00_19",
            "rotation": 0.06283185307179587,
            "transform_matrix": [
                [
                    -0.3681243360042572,
                    0.5415567755699158,
                    -0.7557781338691711,
                    -1.1949903964996338
                ],
                [
                    -0.929776668548584,
                    -0.21441732347011566,
                    0.2992335259914398,
                    0.4731297791004181
                ],
                [
                    1.4901162970204496e-08,
                    0.8128600120544434,
                    0.5824589729309082,
                    0.9209486246109009
                ],
                [
                    0.0,
                    0.0,
                    0.0,
                    1.0
                ]
            ]
        },
        {
            "file_path": "train/shape09154_rank00_9",
            "rotation": 0.06283185307179587,
            "transform_matrix": [
                [
                    -0.8443278074264526,
                    0.3120971918106079,
                    -0.4355522394180298,
                    -0.6886686086654663
                ],
                [
                    -0.5358268022537231,
                    -0.491786390542984,
                    0.6863203644752502,
                    1.0851678848266602
                ],
                [
                    0.0,
                    0.8128600120544434,
                    0.5824589729309082,
                    0.9209486246109009
                ],
                [
                    0.0,
                    0.0,
                    0.0,
                    1.0
                ]
            ]
        },
        {
            "file_path": "train/shape09154_rank00_72",
            "rotation": 0.06283185307179587,
            "transform_matrix": [
                [
                    0.18737998604774475,
                    -0.5721422433853149,
                    0.7984622120857239,
                    1.2624797821044922
                ],
                [
                    0.9822875261306763,
                    0.10914115607738495,
                    -0.152313694357872,
                    -0.24082911014556885
                ],
                [
                    0.0,
                    0.8128600120544434,
                    0.5824589729309082,
                    0.9209486246109009
                ],
                [
                    0.0,
                    0.0,
                    0.0,
                    1.0
                ]
            ]
        },
        {
            "file_path": "train/shape09154_rank00_10",
            "rotation": 0.06283185307179587,
            "transform_matrix": [
                [
                    -0.80901700258255,
                    0.34236085414886475,
                    -0.4777871370315552,
                    -0.7554478645324707
                ],
                [
                    -0.5877852439880371,
                    -0.4712192118167877,
                    0.6576175093650818,
                    1.0397846698760986
                ],
                [
                    1.4901161193847656e-08,
                    0.8128600120544434,
                    0.5824589729309082,
                    0.9209486246109009
                ],
                [
                    0.0,
                    0.0,
                    0.0,
                    1.0
                ]
            ]
        },
        {
            "file_path": "train/shape09154_rank00_53",
            "rotation": 0.06283185307179587,
            "transform_matrix": [
                [
                    0.9822869896888733,
                    -0.10914257168769836,
                    0.1523156613111496,
                    0.24083223938941956
                ],
                [
                    0.18738238513469696,
                    0.5721419453620911,
                    -0.7984618544578552,
                    -1.2624791860580444
                ],
                [
                    0.0,
                    0.8128600120544434,
                    0.5824589729309082,
                    0.9209486246109009
                ],
                [
                    0.0,
                    0.0,
                    0.0,
                    1.0
                ]
            ]
        },
        {
            "file_path": "train/shape09154_rank00_60",
            "rotation": 0.06283185307179587,
            "transform_matrix": [
                [
                    0.8090161085128784,
                    -0.3423614203929901,
                    0.47778794169425964,
                    0.7554491758346558
                ],
                [
                    0.5877861976623535,
                    0.4712187945842743,
                    -0.657616913318634,
                    -1.0397837162017822
                ],
                [
                    0.0,
                    0.8128600120544434,
                    0.5824589729309082,
                    0.9209486246109009
                ],
                [
                    0.0,
                    0.0,
                    0.0,
                    1.0
                ]
            ]
        },
        {
            "file_path": "train/shape09154_rank00_16",
            "rotation": 0.06283185307179587,
            "transform_matrix": [
                [
                    -0.5358267426490784,
                    0.4917864501476288,
                    -0.686320424079895,
                    -1.0851681232452393
                ],
                [
                    -0.8443280458450317,
                    -0.31209707260131836,
                    0.43555206060409546,
                    0.6886683702468872
                ],
                [
                    0.0,
                    0.8128600716590881,
                    0.5824589133262634,
                    0.9209486246109009
                ],
                [
                    0.0,
                    0.0,
                    0.0,
                    1.0
                ]
            ]
        },
        {
            "file_path": "train/shape09154_rank00_75",
            "rotation": 0.06283185307179587,
            "transform_matrix": [
                [
                    -1.442436655452184e-06,
                    -0.582459032535553,
                    0.8128599524497986,
                    1.2852445840835571
                ],
                [
                    1.0,
                    -8.40160225834552e-07,
                    1.1724988553396543e-06,
                    1.8538836457082652e-06
                ],
                [
                    0.0,
                    0.8128600120544434,
                    0.5824589729309082,
                    0.9209486246109009
                ],
                [
                    0.0,
                    0.0,
                    0.0,
                    1.0
                ]
            ]
        },
        {
            "file_path": "train/shape09154_rank00_84",
            "rotation": 0.06283185307179587,
            "transform_matrix": [
                [
                    -0.5358282327651978,
                    -0.49178585410118103,
                    0.6863197088241577,
                    1.0851668119430542
                ],
                [
                    0.8443270921707153,
                    -0.31209796667099,
                    0.43555334210395813,
                    0.6886703372001648
                ],
                [
                    1.4901161193847656e-08,
                    0.8128600716590881,
                    0.5824589729309082,
                    0.9209486246109009
                ],
                [
                    0.0,
                    0.0,
                    0.0,
                    1.0
                ]
            ]
        },
        {
            "file_path": "train/shape09154_rank00_82",
            "rotation": 0.06283185307179587,
            "transform_matrix": [
                [
                    -0.4257807731628418,
                    -0.5270242691040039,
                    0.7354971766471863,
                    1.1629230976104736
                ],
                [
                    0.9048264026641846,
                    -0.24799984693527222,
                    0.3461001515388489,
                    0.5472323894500732
                ],
                [
                    1.4901161193847656e-08,
                    0.8128600120544434,
                    0.582459032535553,
                    0.9209486246109009
                ],
                [
                    0.0,
                    0.0,
                    0.0,
                    1.0
                ]
            ]
        },
        {
            "file_path": "train/shape09154_rank00_70",
            "rotation": 0.06283185307179587,
            "transform_matrix": [
                [
                    0.30901575088500977,
                    -0.5539516806602478,
                    0.773076057434082,
                    1.222340703010559
                ],
                [
                    0.951056957244873,
                    0.1799890249967575,
                    -0.2511865198612213,
                    -0.3971608281135559
                ],
                [
                    0.0,
                    0.8128600120544434,
                    0.5824589729309082,
                    0.9209486246109009
                ],
                [
                    0.0,
                    0.0,
                    0.0,
                    1.0
                ]
            ]
        }
    ]
}