{
    "shape09135_rank02_84.png": {
        "K": [
            274.49688720703125,
            0.0,
            128.0,
            0.0,
            0.0,
            274.49688720703125,
            128.0,
            0.0,
            0.0,
            0.0,
            1.0,
            0.0,
            0.0,
            0.0,
            0.0,
            1.0
        ],
        "W2C": [
            -0.5358281750733905,
            0.8443269705486182,
            1.7203152849094616e-08,
            -2.8644746404471893e-09,
            0.49178588909898185,
            0.31209797531173894,
            -0.8128600924498794,
            4.081325976579932e-08,
            -0.6863197215745608,
            -0.4355533279151593,
            -0.5824589680162091,
            1.5811388269255098,
            0.0,
            0.0,
            0.0,
            1.0
        ],
        "img_size": [
            256,
            256
        ]
    },
    "shape09135_rank02_8.png": {
        "K": [
            274.49688720703125,
            0.0,
            128.0,
            0.0,
            0.0,
            274.49688720703125,
            128.0,
            0.0,
            0.0,
            0.0,
            1.0,
            0.0,
            0.0,
            0.0,
            0.0,
            1.0
        ],
        "W2C": [
            -0.8763065867240356,
            -0.48175364332982074,
            5.60501894689235e-09,
            -1.3680655707488401e-08,
            -0.28060181034724546,
            0.5104128171089288,
            -0.8128601401924442,
            1.4265395600645703e-08,
            0.3915983124568797,
            -0.7123147123992909,
            -0.5824590677527608,
            1.5811388639748116,
            0.0,
            0.0,
            0.0,
            1.0
        ],
        "img_size": [
            256,
            256
        ]
    },
    "shape09135_rank02_12.png": {
        "K": [
            274.49688720703125,
            0.0,
            128.0,
            0.0,
            0.0,
            274.49688720703125,
            128.0,
            0.0,
            0.0,
            0.0,
            1.0,
            0.0,
            0.0,
            0.0,
            0.0,
            1.0
        ],
        "W2C": [
            -0.728968557554363,
            -0.6845471714161067,
            3.640128560092265e-09,
            -3.24985200336394e-08,
            -0.39872072987627166,
            0.42459436334722744,
            -0.8128601604309665,
            2.2514720835772985e-09,
            0.5564410463635346,
            -0.5925494064336841,
            -0.5824590395085696,
            1.5811388807410334,
            0.0,
            0.0,
            0.0,
            1.0
        ],
        "img_size": [
            256,
            256
        ]
    },
    "shape09135_rank02_37.png": {
        "K": [
            274.49688720703125,
            0.0,
            128.0,
            0.0,
            0.0,
            274.49688720703125,
            128.0,
            0.0,
            0.0,
            0.0,
            1.0,
            0.0,
            0.0,
            0.0,
            0.0,
            1.0
        ],
        "W2C": [
            0.6845476080296032,
            -0.7289681169989066,
            7.99786999228748e-10,
            8.51820746871359e-09,
            -0.4245941056364267,
            -0.3987210104356609,
            -0.8128601503966728,
            1.5006866748737667e-09,
            0.5925490642941985,
            0.5564414192533123,
            -0.5824590535120873,
            1.5811388817888041,
            0.0,
            0.0,
            0.0,
            1.0
        ],
        "img_size": [
            256,
            256
        ]
    },
    "shape09135_rank02_35.png": {
        "K": [
            274.49688720703125,
            0.0,
            128.0,
            0.0,
            0.0,
            274.49688720703125,
            128.0,
            0.0,
            0.0,
            0.0,
            1.0,
            0.0,
            0.0,
            0.0,
            0.0,
            1.0
        ],
        "W2C": [
            0.5877857183213965,
            -0.8090165618860198,
            -7.689469447456355e-09,
            1.147496344327873e-08,
            -0.47121907926825796,
            -0.34236114633078585,
            -0.8128601699177642,
            2.7867618099591943e-08,
            0.6576173514826439,
            0.47778756273847406,
            -0.5824590858737687,
            1.5811390067943447,
            0.0,
            0.0,
            0.0,
            1.0
        ],
        "img_size": [
            256,
            256
        ]
    },
    "shape09135_rank02_42.png": {
        "K": [
            274.49688720703125,
            0.0,
            128.0,
            0.0,
            0.0,
            274.49688720703125,
            128.0,
            0.0,
            0.0,
            0.0,
            1.0,
            0.0,
            0.0,
            0.0,
            0.0,
            1.0
        ],
        "W2C": [
            0.8763070201538085,
            -0.48175291965564243,
            -2.1732948002196002e-08,
            -1.0906330573925723e-08,
            -0.28060142732128124,
            -0.5104130362112858,
            -0.8128601768713201,
            1.807887361634305e-09,
            0.3915977330814462,
            0.7123150428206222,
            -0.5824590165649722,
            1.5811388813600857,
            0.0,
            0.0,
            0.0,
            1.0
        ],
        "img_size": [
            256,
            256
        ]
    },
    "shape09135_rank02_45.png": {
        "K": [
            274.49688720703125,
            0.0,
            128.0,
            0.0,
            0.0,
            274.49688720703125,
            128.0,
            0.0,
            0.0,
            0.0,
            1.0,
            0.0,
            0.0,
            0.0,
            0.0,
            1.0
        ],
        "W2C": [
            0.9510567500684912,
            -0.30901614073650846,
            -7.55323366775606e-09,
            -2.2976351666482878e-08,
            -0.1799892765053559,
            -0.5539517159661355,
            -0.8128601781206741,
            2.3215443673112872e-08,
            0.2511868687706121,
            0.7730761220136662,
            -0.5824590148214169,
            1.5811388514844305,
            0.0,
            0.0,
            0.0,
            1.0
        ],
        "img_size": [
            256,
            256
        ]
    },
    "shape09135_rank02_99.png": {
        "K": [
            274.49688720703125,
            0.0,
            128.0,
            0.0,
            0.0,
            274.49688720703125,
            128.0,
            0.0,
            0.0,
            0.0,
            1.0,
            0.0,
            0.0,
            0.0,
            0.0,
            1.0
        ],
        "W2C": [
            -0.998026748323647,
            0.062788458421612,
            -2.989306729074591e-10,
            -1.8128294353243463e-09,
            0.03657171331738028,
            0.5813098360846926,
            -0.8128601680656672,
            1.800750901728154e-08,
            -0.051038235288005156,
            -0.811256173093274,
            -0.5824590288538418,
            1.5811388587524458,
            0.0,
            0.0,
            0.0,
            1.0
        ],
        "img_size": [
            256,
            256
        ]
    },
    "shape09135_rank02_15.png": {
        "K": [
            274.49688720703125,
            0.0,
            128.0,
            0.0,
            0.0,
            274.49688720703125,
            128.0,
            0.0,
            0.0,
            0.0,
            1.0,
            0.0,
            0.0,
            0.0,
            0.0,
            1.0
        ],
        "W2C": [
            -0.5877850719090105,
            -0.8090169877484891,
            3.4854518810341754e-09,
            -3.920023545531939e-08,
            -0.4712193554969683,
            0.34236078308955975,
            -0.8128601579136329,
            8.823673854104021e-09,
            0.6576176546447671,
            -0.4777870276153175,
            -0.5824590430216745,
            1.5811388715690928,
            0.0,
            0.0,
            0.0,
            1.0
        ],
        "img_size": [
            256,
            256
        ]
    },
    "shape09135_rank02_20.png": {
        "K": [
            274.49688720703125,
            0.0,
            128.0,
            0.0,
            0.0,
            274.49688720703125,
            128.0,
            0.0,
            0.0,
            0.0,
            1.0,
            0.0,
            0.0,
            0.0,
            0.0,
            1.0
        ],
        "W2C": [
            -0.309016736144215,
            -0.9510565417562765,
            -1.4189134001949362e-08,
            -1.6778216531929374e-08,
            -0.5539515953632066,
            0.17998961833274998,
            -0.8128601427513075,
            -5.095157326859024e-09,
            0.7730759537043487,
            -0.2511873458132655,
            -0.5824590641816982,
            1.5811388909937394,
            0.0,
            0.0,
            0.0,
            1.0
        ],
        "img_size": [
            256,
            256
        ]
    },
    "shape09135_rank02_31.png": {
        "K": [
            274.49688720703125,
            0.0,
            128.0,
            0.0,
            0.0,
            274.49688720703125,
            128.0,
            0.0,
            0.0,
            0.0,
            1.0,
            0.0,
            0.0,
            0.0,
            0.0,
            1.0
        ],
        "W2C": [
            0.3681250286298092,
            -0.9297762868151437,
            1.1400186288810749e-08,
            -3.1833893904535726e-08,
            -0.5415566398210223,
            -0.21441775544618996,
            -0.8128601722913834,
            3.14574268845206e-08,
            0.7557780241758202,
            0.2992341255623639,
            -0.5824589397743454,
            1.5811388399821962,
            0.0,
            0.0,
            0.0,
            1.0
        ],
        "img_size": [
            256,
            256
        ]
    },
    "shape09135_rank02_17.png": {
        "K": [
            274.49688720703125,
            0.0,
            128.0,
            0.0,
            0.0,
            274.49688720703125,
            128.0,
            0.0,
            0.0,
            0.0,
            1.0,
            0.0,
            0.0,
            0.0,
            0.0,
            1.0
        ],
        "W2C": [
            -0.48175351434021246,
            -0.8763067559404193,
            -1.650042988404652e-08,
            2.2107723860496694e-09,
            -0.5104128004448238,
            0.28060171085656743,
            -0.8128601665474393,
            4.739062275954613e-08,
            0.7123147537001816,
            -0.39159817990710977,
            -0.5824589477903979,
            1.5811388177463699,
            0.0,
            0.0,
            0.0,
            1.0
        ],
        "img_size": [
            256,
            256
        ]
    },
    "shape09135_rank02_97.png": {
        "K": [
            274.49688720703125,
            0.0,
            128.0,
            0.0,
            0.0,
            274.49688720703125,
            128.0,
            0.0,
            0.0,
            0.0,
            1.0,
            0.0,
            0.0,
            0.0,
            0.0,
            1.0
        ],
        "W2C": [
            -0.9822876067037791,
            0.18737934914069715,
            -1.1136887454716207e-08,
            7.864402689485409e-09,
            0.109140811768755,
            0.5721423819479678,
            -0.8128601888356366,
            1.8252740788228884e-08,
            -0.1523131804821888,
            -0.7984623892881892,
            -0.582458999867981,
            1.5811388584102086,
            0.0,
            0.0,
            0.0,
            1.0
        ],
        "img_size": [
            256,
            256
        ]
    },
    "shape09135_rank02_5.png": {
        "K": [
            274.49688720703125,
            0.0,
            128.0,
            0.0,
            0.0,
            274.49688720703125,
            128.0,
            0.0,
            0.0,
            0.0,
            1.0,
            0.0,
            0.0,
            0.0,
            0.0,
            1.0
        ],
        "W2C": [
            -0.9510564223026903,
            -0.30901698920581694,
            1.2286047051055627e-08,
            3.5176421464522426e-08,
            -0.1799897643627992,
            0.5539515150334788,
            -0.8128601727840307,
            -1.6132493743428964e-09,
            0.25118757393888463,
            -0.7730758336932863,
            -0.5824590222690548,
            1.5811388861345068,
            0.0,
            0.0,
            0.0,
            1.0
        ],
        "img_size": [
            256,
            256
        ]
    },
    "shape09135_rank02_74.png": {
        "K": [
            274.49688720703125,
            0.0,
            128.0,
            0.0,
            0.0,
            274.49688720703125,
            128.0,
            0.0,
            0.0,
            0.0,
            1.0,
            0.0,
            0.0,
            0.0,
            0.0,
            1.0
        ],
        "W2C": [
            0.0627891055552558,
            0.9980268470505285,
            6.612169396649175e-10,
            5.687396445323471e-10,
            0.5813097894372666,
            -0.03657208146644449,
            -0.812860168100851,
            1.7920238647861753e-08,
            -0.8112561079937178,
            0.05103874906427801,
            -0.5824590288047404,
            1.5811388588742374,
            0.0,
            0.0,
            0.0,
            1.0
        ],
        "img_size": [
            256,
            256
        ]
    },
    "shape09135_rank02_57.png": {
        "K": [
            274.49688720703125,
            0.0,
            128.0,
            0.0,
            0.0,
            274.49688720703125,
            128.0,
            0.0,
            0.0,
            0.0,
            1.0,
            0.0,
            0.0,
            0.0,
            0.0,
            1.0
        ],
        "W2C": [
            0.9048265333733613,
            0.42578039828620934,
            -1.1619931750777771e-09,
            4.645209972724037e-09,
            0.24799965680083175,
            -0.5270243973221923,
            -0.8128600920043638,
            9.303283236512402e-09,
            -0.3460998847233381,
            0.7354973208938157,
            -0.5824590518201788,
            1.5811388708997653,
            0.0,
            0.0,
            0.0,
            1.0
        ],
        "img_size": [
            256,
            256
        ]
    },
    "shape09135_rank02_92.png": {
        "K": [
            274.49688720703125,
            0.0,
            128.0,
            0.0,
            0.0,
            274.49688720703125,
            128.0,
            0.0,
            0.0,
            0.0,
            1.0,
            0.0,
            0.0,
            0.0,
            0.0,
            1.0
        ],
        "W2C": [
            -0.8763075173986271,
            0.4817519930549379,
            -2.02753952754148e-08,
            7.445698592357575e-09,
            0.2806008562696633,
            0.5104133454778348,
            -0.812860177849607,
            3.824198388310533e-08,
            -0.3915969585600129,
            -0.7123154620976634,
            -0.5824590151997087,
            1.581138830513903,
            0.0,
            0.0,
            0.0,
            1.0
        ],
        "img_size": [
            256,
            256
        ]
    },
    "shape09135_rank02_53.png": {
        "K": [
            274.49688720703125,
            0.0,
            128.0,
            0.0,
            0.0,
            274.49688720703125,
            128.0,
            0.0,
            0.0,
            0.0,
            1.0,
            0.0,
            0.0,
            0.0,
            0.0,
            1.0
        ],
        "W2C": [
            0.9822870366322904,
            0.18738240742179788,
            2.5279266143598336e-09,
            1.2002641310618028e-10,
            0.10914258409270751,
            -0.5721420307359675,
            -0.8128601687497848,
            -3.8018366334448e-09,
            -0.15231566644205333,
            0.7984618967518237,
            -0.5824590278991105,
            1.5811388891888245,
            0.0,
            0.0,
            0.0,
            1.0
        ],
        "img_size": [
            256,
            256
        ]
    },
    "shape09135_rank02_67.png": {
        "K": [
            274.49688720703125,
            0.0,
            128.0,
            0.0,
            0.0,
            274.49688720703125,
            128.0,
            0.0,
            0.0,
            0.0,
            1.0,
            0.0,
            0.0,
            0.0,
            0.0,
            1.0
        ],
        "W2C": [
            0.4817525191656751,
            0.8763072312808476,
            1.3716615289777007e-08,
            3.1748232182809683e-10,
            0.5104131559435393,
            -0.2806011323130659,
            -0.812860221262621,
            2.5037563298364135e-08,
            -0.7123152458337343,
            0.39159742870750053,
            -0.5824590142186306,
            1.5811390107438728,
            0.0,
            0.0,
            0.0,
            1.0
        ],
        "img_size": [
            256,
            256
        ]
    },
    "shape09135_rank02_28.png": {
        "K": [
            274.49688720703125,
            0.0,
            128.0,
            0.0,
            0.0,
            274.49688720703125,
            128.0,
            0.0,
            0.0,
            0.0,
            1.0,
            0.0,
            0.0,
            0.0,
            0.0,
            1.0
        ],
        "W2C": [
            0.18738177337791237,
            -0.9822870953142117,
            1.0777435373519399e-08,
            -9.329615643621257e-09,
            -0.5721420912708023,
            -0.10914222608579895,
            -0.812860180276067,
            3.622694036287121e-08,
            0.7984619836290857,
            0.15231515425480568,
            -0.5824590118134245,
            1.581138833326029,
            0.0,
            0.0,
            0.0,
            1.0
        ],
        "img_size": [
            256,
            256
        ]
    },
    "shape09135_rank02_33.png": {
        "K": [
            274.49688720703125,
            0.0,
            128.0,
            0.0,
            0.0,
            274.49688720703125,
            128.0,
            0.0,
            0.0,
            0.0,
            1.0,
            0.0,
            0.0,
            0.0,
            0.0,
            1.0
        ],
        "W2C": [
            0.4817542260315517,
            -0.8763062963290859,
            -1.1412080168885464e-09,
            2.9543192809285338e-08,
            -0.5104125884778166,
            -0.28060214634473085,
            -0.812860107277581,
            1.524795571164227e-08,
            0.7123144455614443,
            0.39159881007830044,
            -0.5824590305053964,
            1.5811388626035827,
            0.0,
            0.0,
            0.0,
            1.0
        ],
        "img_size": [
            256,
            256
        ]
    },
    "shape09135_rank02_63.png": {
        "K": [
            274.49688720703125,
            0.0,
            128.0,
            0.0,
            0.0,
            274.49688720703125,
            128.0,
            0.0,
            0.0,
            0.0,
            1.0,
            0.0,
            0.0,
            0.0,
            0.0,
            1.0
        ],
        "W2C": [
            0.6845460324651079,
            0.7289696176912871,
            -1.9112000877754276e-09,
            6.014332615474514e-09,
            0.4245949596546334,
            -0.3987200433878943,
            -0.812860150962958,
            5.088856715540826e-08,
            -0.5925502820699313,
            0.5564401291259036,
            -0.5824589695395703,
            1.5811388128647579,
            0.0,
            0.0,
            0.0,
            1.0
        ],
        "img_size": [
            256,
            256
        ]
    },
    "shape09135_rank02_25.png": {
        "K": [
            274.49688720703125,
            0.0,
            128.0,
            0.0,
            0.0,
            274.49688720703125,
            128.0,
            0.0,
            0.0,
            0.0,
            1.0,
            0.0,
            0.0,
            0.0,
            0.0,
            1.0
        ],
        "W2C": [
            4.0133925218478395e-07,
            -0.9999999999998389,
            1.0697722938966255e-14,
            2.2939435010675423e-14,
            -0.5824591253725088,
            -2.337637282644499e-07,
            -0.8128601416146719,
            -6.9141289294234485e-09,
            0.8128600820098867,
            3.2623265880776507e-07,
            -0.5824590657679484,
            1.5811388935322335,
            0.0,
            0.0,
            0.0,
            1.0
        ],
        "img_size": [
            256,
            256
        ]
    },
    "shape09135_rank02_93.png": {
        "K": [
            274.49688720703125,
            0.0,
            128.0,
            0.0,
            0.0,
            274.49688720703125,
            128.0,
            0.0,
            0.0,
            0.0,
            1.0,
            0.0,
            0.0,
            0.0,
            0.0,
            1.0
        ],
        "W2C": [
            -0.9048278536923607,
            0.425777607220289,
            4.548610256519037e-09,
            1.0867773869722305e-08,
            0.24799804808767267,
            0.5270252384241938,
            -0.8128601379745978,
            3.879154992195606e-08,
            -0.34609763742803556,
            -0.7354984298824554,
            -0.5824590708479115,
            1.5811388297469477,
            0.0,
            0.0,
            0.0,
            1.0
        ],
        "img_size": [
            256,
            256
        ]
    },
    "shape09135_rank02_52.png": {
        "K": [
            274.49688720703125,
            0.0,
            128.0,
            0.0,
            0.0,
            274.49688720703125,
            128.0,
            0.0,
            0.0,
            0.0,
            1.0,
            0.0,
            0.0,
            0.0,
            0.0,
            1.0
        ],
        "W2C": [
            0.9921144668288076,
            0.12533430311999794,
            -3.199456527363784e-09,
            -7.660155518230252e-09,
            0.0730021010646503,
            -0.5778661145327422,
            -0.8128600972359318,
            2.983454120985967e-08,
            -0.10187925524822909,
            0.8064502911273176,
            -0.5824590445191805,
            1.5811388422470403,
            0.0,
            0.0,
            0.0,
            1.0
        ],
        "img_size": [
            256,
            256
        ]
    },
    "shape09135_rank02_30.png": {
        "K": [
            274.49688720703125,
            0.0,
            128.0,
            0.0,
            0.0,
            274.49688720703125,
            128.0,
            0.0,
            0.0,
            0.0,
            1.0,
            0.0,
            0.0,
            0.0,
            0.0,
            1.0
        ],
        "W2C": [
            0.30901750550221174,
            -0.9510563283489236,
            -6.450154295123336e-09,
            1.5105615379670468e-08,
            -0.553951435557837,
            -0.17999007875767278,
            -0.81286013525814,
            2.1569684507910584e-08,
            0.773075643668822,
            0.25118798699288125,
            -0.5824590150342644,
            1.581138691978897,
            0.0,
            0.0,
            0.0,
            1.0
        ],
        "img_size": [
            256,
            256
        ]
    },
    "shape09135_rank02_85.png": {
        "K": [
            274.49688720703125,
            0.0,
            128.0,
            0.0,
            0.0,
            274.49688720703125,
            128.0,
            0.0,
            0.0,
            0.0,
            1.0,
            0.0,
            0.0,
            0.0,
            0.0,
            1.0
        ],
        "W2C": [
            -0.5877865874849578,
            0.8090159797755145,
            -2.3535532787087432e-08,
            1.1098197460643107e-08,
            0.47121875863383605,
            0.3423616319614418,
            -0.8128601577363344,
            9.072219954522865e-09,
            -0.6576167916080269,
            -0.47778825366637984,
            -0.5824590432691052,
            1.58113887122223,
            0.0,
            0.0,
            0.0,
            1.0
        ],
        "img_size": [
            256,
            256
        ]
    },
    "shape09135_rank02_1.png": {
        "K": [
            274.49688720703125,
            0.0,
            128.0,
            0.0,
            0.0,
            274.49688720703125,
            128.0,
            0.0,
            0.0,
            0.0,
            1.0,
            0.0,
            0.0,
            0.0,
            0.0,
            1.0
        ],
        "W2C": [
            -0.9980267272997427,
            -0.06279052584885128,
            2.8241590507882746e-09,
            -1.6167056480214476e-09,
            -0.036572918835335075,
            0.5813097725271443,
            -0.8128601477675629,
            2.5417566726673774e-08,
            0.051039906061498726,
            -0.8112560017780516,
            -0.5824589975765426,
            1.5811386866089243,
            0.0,
            0.0,
            0.0,
            1.0
        ],
        "img_size": [
            256,
            256
        ]
    },
    "shape09135_rank02_23.png": {
        "K": [
            274.49688720703125,
            0.0,
            128.0,
            0.0,
            0.0,
            274.49688720703125,
            128.0,
            0.0,
            0.0,
            0.0,
            1.0,
            0.0,
            0.0,
            0.0,
            0.0,
            1.0
        ],
        "W2C": [
            -0.12533290037236208,
            -0.992114703661999,
            -5.8997761147380354e-09,
            -5.424212260395971e-09,
            -0.5778662923315424,
            0.07300129937586125,
            -0.8128601767138742,
            1.4827315764347785e-09,
            0.8064504825274389,
            -0.1018781099321051,
            -0.5824590167846992,
            1.5811388818138614,
            0.0,
            0.0,
            0.0,
            1.0
        ],
        "img_size": [
            256,
            256
        ]
    },
    "shape09135_rank02_71.png": {
        "K": [
            274.49688720703125,
            0.0,
            128.0,
            0.0,
            0.0,
            274.49688720703125,
            128.0,
            0.0,
            0.0,
            0.0,
            1.0,
            0.0,
            0.0,
            0.0,
            0.0,
            1.0
        ],
        "W2C": [
            0.24868857036731581,
            0.9685834048487362,
            -2.0196201897074042e-09,
            6.69147089681619e-12,
            0.564160237206064,
            -0.1448509211304726,
            -0.8128601090050307,
            1.68503464004592e-08,
            -0.7873229163393047,
            0.20214903876187693,
            -0.5824590876992768,
            1.5811390221696728,
            0.0,
            0.0,
            0.0,
            1.0
        ],
        "img_size": [
            256,
            256
        ]
    },
    "shape09135_rank02_98.png": {
        "K": [
            274.49688720703125,
            0.0,
            128.0,
            0.0,
            0.0,
            274.49688720703125,
            128.0,
            0.0,
            0.0,
            0.0,
            1.0,
            0.0,
            0.0,
            0.0,
            0.0,
            1.0
        ],
        "W2C": [
            -0.9921148928286824,
            0.12533119948545604,
            -4.226619100625879e-09,
            3.871429475634252e-09,
            0.07300030662186713,
            0.5778663604403345,
            -0.8128601620929745,
            1.2155981351839365e-08,
            -0.10187673829419157,
            -0.8064506359107944,
            -0.5824589540068981,
            1.581138866918637,
            0.0,
            0.0,
            0.0,
            1.0
        ],
        "img_size": [
            256,
            256
        ]
    },
    "shape09135_rank02_66.png": {
        "K": [
            274.49688720703125,
            0.0,
            128.0,
            0.0,
            0.0,
            274.49688720703125,
            128.0,
            0.0,
            0.0,
            0.0,
            1.0,
            0.0,
            0.0,
            0.0,
            0.0,
            1.0
        ],
        "W2C": [
            0.5358257505390619,
            0.8443285103622484,
            -2.579718122302758e-11,
            -1.0786089938502073e-08,
            0.49178687504451996,
            -0.312096590419861,
            -0.8128601552089911,
            3.034827335592148e-08,
            -0.6863209831666964,
            0.43555135293218644,
            -0.5824590467961802,
            1.5811388415300962,
            0.0,
            0.0,
            0.0,
            1.0
        ],
        "img_size": [
            256,
            256
        ]
    },
    "shape09135_rank02_75.png": {
        "K": [
            274.49688720703125,
            0.0,
            128.0,
            0.0,
            0.0,
            274.49688720703125,
            128.0,
            0.0,
            0.0,
            0.0,
            1.0,
            0.0,
            0.0,
            0.0,
            0.0,
            1.0
        ],
        "W2C": [
            -1.4424365653200077e-06,
            0.9999999999979193,
            5.983208578261447e-14,
            8.265494286474338e-14,
            0.5824591253713908,
            8.401603927383131e-07,
            -0.8128601416146718,
            -6.914129066005773e-09,
            -0.8128600820083264,
            -1.1724991780426782e-06,
            -0.5824590657679485,
            1.5811388935322337,
            0.0,
            0.0,
            0.0,
            1.0
        ],
        "img_size": [
            256,
            256
        ]
    },
    "shape09135_rank02_60.png": {
        "K": [
            274.49688720703125,
            0.0,
            128.0,
            0.0,
            0.0,
            274.49688720703125,
            128.0,
            0.0,
            0.0,
            0.0,
            1.0,
            0.0,
            0.0,
            0.0,
            0.0,
            1.0
        ],
        "W2C": [
            0.8090162527377317,
            0.5877863232982298,
            -1.1477265630161567e-08,
            -3.225973503804928e-09,
            0.3423614412968151,
            -0.47121884584936663,
            -0.8128601042550051,
            4.36679073159108e-08,
            -0.47778803011507043,
            0.6576170589148654,
            -0.5824590943282517,
            1.5811389847439932,
            0.0,
            0.0,
            0.0,
            1.0
        ],
        "img_size": [
            256,
            256
        ]
    },
    "shape09135_rank02_38.png": {
        "K": [
            274.49688720703125,
            0.0,
            128.0,
            0.0,
            0.0,
            274.49688720703125,
            128.0,
            0.0,
            0.0,
            0.0,
            1.0,
            0.0,
            0.0,
            0.0,
            0.0,
            1.0
        ],
        "W2C": [
            0.7289691389289569,
            -0.6845465771082591,
            -8.233344159908389e-10,
            2.8759648543146586e-10,
            -0.3987203744267458,
            -0.4245946669886631,
            -0.8128601509430441,
            5.0783737087021e-08,
            0.5564405911124636,
            0.5925498736352589,
            -0.5824589695673617,
            1.581138813011055,
            0.0,
            0.0,
            0.0,
            1.0
        ],
        "img_size": [
            256,
            256
        ]
    },
    "shape09135_rank02_22.png": {
        "K": [
            274.49688720703125,
            0.0,
            128.0,
            0.0,
            0.0,
            274.49688720703125,
            128.0,
            0.0,
            0.0,
            0.0,
            1.0,
            0.0,
            0.0,
            0.0,
            0.0,
            1.0
        ],
        "W2C": [
            -0.18738098967648129,
            -0.9822872109694326,
            -5.965693717063306e-09,
            4.489980387854103e-09,
            -0.5721422154802085,
            0.10914178110136737,
            -0.8128601726675674,
            2.1960740738970747e-08,
            0.7984621545745829,
            -0.15231454581473688,
            -0.582459022431587,
            1.5811388532354504,
            0.0,
            0.0,
            0.0,
            1.0
        ],
        "img_size": [
            256,
            256
        ]
    },
    "shape09135_rank02_89.png": {
        "K": [
            274.49688720703125,
            0.0,
            128.0,
            0.0,
            0.0,
            274.49688720703125,
            128.0,
            0.0,
            0.0,
            0.0,
            1.0,
            0.0,
            0.0,
            0.0,
            0.0,
            1.0
        ],
        "W2C": [
            -0.7705143608054086,
            0.6374225733423987,
            9.578825600942559e-09,
            9.073611884042083e-10,
            0.37127258797155893,
            0.44879313748393723,
            -0.812860155356783,
            1.0900183938651292e-08,
            -0.518135375757288,
            -0.6263203736554364,
            -0.5824590465899268,
            1.5811388686711862,
            0.0,
            0.0,
            0.0,
            1.0
        ],
        "img_size": [
            256,
            256
        ]
    },
    "shape09135_rank02_87.png": {
        "K": [
            274.49688720703125,
            0.0,
            128.0,
            0.0,
            0.0,
            274.49688720703125,
            128.0,
            0.0,
            0.0,
            0.0,
            1.0,
            0.0,
            0.0,
            0.0,
            0.0,
            1.0
        ],
        "W2C": [
            -0.6845483880862651,
            0.7289674280593476,
            6.045291545423591e-09,
            -4.817494629105155e-08,
            0.4245937299049367,
            0.39872144881178634,
            -0.8128601604749859,
            2.7099308863455946e-08,
            -0.5925485224232361,
            -0.5564420496854091,
            -0.5824590394471375,
            1.5811388460642402,
            0.0,
            0.0,
            0.0,
            1.0
        ],
        "img_size": [
            256,
            256
        ]
    },
    "shape09135_rank02_36.png": {
        "K": [
            274.49688720703125,
            0.0,
            128.0,
            0.0,
            0.0,
            274.49688720703125,
            128.0,
            0.0,
            0.0,
            0.0,
            1.0,
            0.0,
            0.0,
            0.0,
            0.0,
            1.0
        ],
        "W2C": [
            0.6374244527007181,
            -0.7705127778934368,
            -4.781152814926659e-10,
            -2.611936040917949e-08,
            -0.4487922034692284,
            -0.37127370441630303,
            -0.812860167538842,
            3.462114510975795e-08,
            0.626319102791037,
            0.5181368944050823,
            -0.5824590295890612,
            1.5811388355670215,
            0.0,
            0.0,
            0.0,
            1.0
        ],
        "img_size": [
            256,
            256
        ]
    },
    "shape09135_rank02_76.png": {
        "K": [
            274.49688720703125,
            0.0,
            128.0,
            0.0,
            0.0,
            274.49688720703125,
            128.0,
            0.0,
            0.0,
            0.0,
            1.0,
            0.0,
            0.0,
            0.0,
            0.0,
            1.0
        ],
        "W2C": [
            -0.06279198399114001,
            0.9980266032885315,
            1.9505955284422183e-09,
            -1.7100202478917165e-09,
            0.5813096668663958,
            0.03657376342787424,
            -0.8128601729273766,
            4.70193481847032e-08,
            -0.811255996625822,
            -0.05104109690336743,
            -0.5824589388867749,
            1.5811388182645083,
            0.0,
            0.0,
            0.0,
            1.0
        ],
        "img_size": [
            256,
            256
        ]
    }
}