{
    "shape09109_rank08_17.png": {
        "K": [
            274.49688720703125,
            0.0,
            128.0,
            0.0,
            0.0,
            274.49688720703125,
            128.0,
            0.0,
            0.0,
            0.0,
            1.0,
            0.0,
            0.0,
            0.0,
            0.0,
            1.0
        ],
        "W2C": [
            -0.4817535450934103,
            -0.8763068150223194,
            -1.4387993093887771e-08,
            2.2107724885275655e-09,
            -0.5104127551893403,
            0.28060168770450133,
            -0.8128600956369405,
            4.73906187235843e-08,
            0.7123147427751182,
            -0.39159817631162114,
            -0.582458963568455,
            1.5811388177463708,
            0.0,
            0.0,
            0.0,
            1.0
        ],
        "img_size": [
            256,
            256
        ]
    },
    "shape09109_rank08_40.png": {
        "K": [
            274.49688720703125,
            0.0,
            128.0,
            0.0,
            0.0,
            274.49688720703125,
            128.0,
            0.0,
            0.0,
            0.0,
            1.0,
            0.0,
            0.0,
            0.0,
            0.0,
            1.0
        ],
        "W2C": [
            0.80901745403497,
            -0.5877846384065641,
            -4.853893472785725e-09,
            -3.9226516764274575e-08,
            -0.3423604998867398,
            -0.47121951402162243,
            -0.8128601004476096,
            4.787852610834989e-09,
            0.47778664672457344,
            0.6576179391349696,
            -0.5824590400370722,
            1.5811388772013477,
            0.0,
            0.0,
            0.0,
            1.0
        ],
        "img_size": [
            256,
            256
        ]
    },
    "shape09109_rank08_35.png": {
        "K": [
            274.49688720703125,
            0.0,
            128.0,
            0.0,
            0.0,
            274.49688720703125,
            128.0,
            0.0,
            0.0,
            0.0,
            1.0,
            0.0,
            0.0,
            0.0,
            0.0,
            1.0
        ],
        "W2C": [
            0.5877857142443004,
            -0.8090165648482069,
            4.0327659869606676e-09,
            -5.7976933681412304e-09,
            -0.47121905169367906,
            -0.34236112629665516,
            -0.8128601049074954,
            1.1802869144802705e-08,
            0.6576172939258484,
            0.47778752092096277,
            -0.5824590338130071,
            1.5811388674114282,
            0.0,
            0.0,
            0.0,
            1.0
        ],
        "img_size": [
            256,
            256
        ]
    },
    "shape09109_rank08_37.png": {
        "K": [
            274.49688720703125,
            0.0,
            128.0,
            0.0,
            0.0,
            274.49688720703125,
            128.0,
            0.0,
            0.0,
            0.0,
            1.0,
            0.0,
            0.0,
            0.0,
            0.0,
            1.0
        ],
        "W2C": [
            0.6845476085916955,
            -0.7289681164710661,
            1.8758789285391944e-09,
            8.518207518118338e-09,
            -0.4245940746466032,
            -0.39872098133423545,
            -0.8128600910684998,
            1.500686561907529e-09,
            0.5925490644957448,
            0.5564414194425772,
            -0.5824590531262389,
            1.5811388817888041,
            0.0,
            0.0,
            0.0,
            1.0
        ],
        "img_size": [
            256,
            256
        ]
    },
    "shape09109_rank08_49.png": {
        "K": [
            274.49688720703125,
            0.0,
            128.0,
            0.0,
            0.0,
            274.49688720703125,
            128.0,
            0.0,
            0.0,
            0.0,
            1.0,
            0.0,
            0.0,
            0.0,
            0.0,
            1.0
        ],
        "W2C": [
            0.9980267964358822,
            -0.06278950773630804,
            -2.174832024304166e-09,
            3.775662330789285e-09,
            -0.036572315467834585,
            -0.58130975991692,
            -0.8128601083522916,
            3.2373185492701e-08,
            0.05103907617959134,
            0.8112561264839605,
            -0.5824590290055669,
            1.5811388387041947,
            0.0,
            0.0,
            0.0,
            1.0
        ],
        "img_size": [
            256,
            256
        ]
    },
    "shape09109_rank08_45.png": {
        "K": [
            274.49688720703125,
            0.0,
            128.0,
            0.0,
            0.0,
            274.49688720703125,
            128.0,
            0.0,
            0.0,
            0.0,
            1.0,
            0.0,
            0.0,
            0.0,
            0.0,
            1.0
        ],
        "W2C": [
            0.9510568135044954,
            -0.30901615874708016,
            -4.1010594648947945e-09,
            -2.2976353307518432e-08,
            -0.1799892558612716,
            -0.553951671137265,
            -0.8128601097181818,
            2.3215441621579817e-08,
            0.2511868583792323,
            0.7730761161394311,
            -0.5824590270993771,
            1.5811388514844311,
            0.0,
            0.0,
            0.0,
            1.0
        ],
        "img_size": [
            256,
            256
        ]
    },
    "shape09109_rank08_72.png": {
        "K": [
            274.49688720703125,
            0.0,
            128.0,
            0.0,
            0.0,
            274.49688720703125,
            128.0,
            0.0,
            0.0,
            0.0,
            1.0,
            0.0,
            0.0,
            0.0,
            0.0,
            1.0
        ],
        "W2C": [
            0.18737996953161262,
            0.9822874853397843,
            5.392019978359558e-09,
            -7.069281335687967e-09,
            0.5721422232371575,
            -0.10914116178366504,
            -0.8128601019737186,
            3.4715932749301144e-08,
            -0.7984622239488134,
            0.15231369268479963,
            -0.5824590379072865,
            1.5811388354347362,
            0.0,
            0.0,
            0.0,
            1.0
        ],
        "img_size": [
            256,
            256
        ]
    },
    "shape09109_rank08_58.png": {
        "K": [
            274.49688720703125,
            0.0,
            128.0,
            0.0,
            0.0,
            274.49688720703125,
            128.0,
            0.0,
            0.0,
            0.0,
            1.0,
            0.0,
            0.0,
            0.0,
            0.0,
            1.0
        ],
        "W2C": [
            0.8763060546340381,
            0.48175480955385563,
            5.211536062962485e-09,
            2.6276355648434112e-08,
            0.2806024779263235,
            -0.5104124213971456,
            -0.8128600491276066,
            3.972672073600523e-09,
            -0.39159921033015455,
            0.7123141518210906,
            -0.5824590520528757,
            1.5811387165366848,
            0.0,
            0.0,
            0.0,
            1.0
        ],
        "img_size": [
            256,
            256
        ]
    },
    "shape09109_rank08_64.png": {
        "K": [
            274.49688720703125,
            0.0,
            128.0,
            0.0,
            0.0,
            274.49688720703125,
            128.0,
            0.0,
            0.0,
            0.0,
            1.0,
            0.0,
            0.0,
            0.0,
            0.0,
            1.0
        ],
        "W2C": [
            0.6374231844566647,
            0.7705140465273347,
            1.6192017603569833e-08,
            -2.0710775812021684e-08,
            0.4487928603268236,
            -0.3712728601936448,
            -0.812860089884404,
            -6.184795790165651e-10,
            -0.6263200327906278,
            0.5181357936545105,
            -0.5824590547787223,
            1.5811388847462395,
            0.0,
            0.0,
            0.0,
            1.0
        ],
        "img_size": [
            256,
            256
        ]
    },
    "shape09109_rank08_38.png": {
        "K": [
            274.49688720703125,
            0.0,
            128.0,
            0.0,
            0.0,
            274.49688720703125,
            128.0,
            0.0,
            0.0,
            0.0,
            1.0,
            0.0,
            0.0,
            0.0,
            0.0,
            1.0
        ],
        "W2C": [
            0.7289691384010927,
            -0.6845465776703781,
            -1.8994761369874305e-09,
            2.8759657999529276e-10,
            -0.39872034532536765,
            -0.4245946359987996,
            -0.8128600916148726,
            5.07837333529029e-08,
            0.5564405913017265,
            0.5925498738368037,
            -0.5824589691815169,
            1.581138813011055,
            0.0,
            0.0,
            0.0,
            1.0
        ],
        "img_size": [
            256,
            256
        ]
    },
    "shape09109_rank08_53.png": {
        "K": [
            274.49688720703125,
            0.0,
            128.0,
            0.0,
            0.0,
            274.49688720703125,
            128.0,
            0.0,
            0.0,
            0.0,
            1.0,
            0.0,
            0.0,
            0.0,
            0.0,
            1.0
        ],
        "W2C": [
            0.9822870973070736,
            0.18738241671314715,
            -6.017906830306538e-10,
            1.20026310684774e-10,
            0.10914257300956368,
            -0.5721419834174731,
            -0.8128601009851012,
            -3.8018360401853934e-09,
            -0.1523156621436575,
            0.79846188926462,
            -0.5824590392869672,
            1.581138889188824,
            0.0,
            0.0,
            0.0,
            1.0
        ],
        "img_size": [
            256,
            256
        ]
    },
    "shape09109_rank08_61.png": {
        "K": [
            274.49688720703125,
            0.0,
            128.0,
            0.0,
            0.0,
            274.49688720703125,
            128.0,
            0.0,
            0.0,
            0.0,
            1.0,
            0.0,
            0.0,
            0.0,
            0.0,
            1.0
        ],
        "W2C": [
            0.7705123904259567,
            0.6374250206262847,
            1.157435262909156e-08,
            -4.501206920787124e-09,
            0.3712739667563749,
            -0.44879192612043467,
            -0.812860093072312,
            2.310250188851392e-08,
            -0.5181373182236068,
            0.6263187453512894,
            -0.5824590503297866,
            1.5811388516420453,
            0.0,
            0.0,
            0.0,
            1.0
        ],
        "img_size": [
            256,
            256
        ]
    },
    "shape09109_rank08_77.png": {
        "K": [
            274.49688720703125,
            0.0,
            128.0,
            0.0,
            0.0,
            274.49688720703125,
            128.0,
            0.0,
            0.0,
            0.0,
            1.0,
            0.0,
            0.0,
            0.0,
            0.0,
            1.0
        ],
        "W2C": [
            -0.12533471835559803,
            0.9921145442414105,
            -3.478497913547859e-10,
            -1.0870809261662964e-08,
            0.5778661035327575,
            0.0730023415470101,
            -0.8128601050885751,
            4.42555865337241e-08,
            -0.8064502765777262,
            -0.10187958451186539,
            -0.5824590335602985,
            1.58113882212152,
            0.0,
            0.0,
            0.0,
            1.0
        ],
        "img_size": [
            256,
            256
        ]
    },
    "shape09109_rank08_32.png": {
        "K": [
            274.49688720703125,
            0.0,
            128.0,
            0.0,
            0.0,
            274.49688720703125,
            128.0,
            0.0,
            0.0,
            0.0,
            1.0,
            0.0,
            0.0,
            0.0,
            0.0,
            1.0
        ],
        "W2C": [
            0.42577982890209765,
            -0.904826871413935,
            -5.981929986672352e-09,
            1.5332603768212023e-08,
            -0.5270245542276973,
            -0.2479992833982377,
            -0.8128600809583708,
            2.468538846388337e-08,
            0.7354975937976821,
            0.346099388993833,
            -0.5824589840533694,
            1.58113884943302,
            0.0,
            0.0,
            0.0,
            1.0
        ],
        "img_size": [
            256,
            256
        ]
    },
    "shape09109_rank08_31.png": {
        "K": [
            274.49688720703125,
            0.0,
            128.0,
            0.0,
            0.0,
            274.49688720703125,
            128.0,
            0.0,
            0.0,
            0.0,
            1.0,
            0.0,
            0.0,
            0.0,
            0.0,
            1.0
        ],
        "W2C": [
            0.36812502425012406,
            -0.9297762885491863,
            4.826411144673066e-09,
            -3.1833893635376356e-08,
            -0.5415565943710982,
            -0.21441773745126572,
            -0.8128601040724192,
            3.145742424156035e-08,
            0.7557780161664372,
            0.2992341223912202,
            -0.5824589517961875,
            1.5811388399821966,
            0.0,
            0.0,
            0.0,
            1.0
        ],
        "img_size": [
            256,
            256
        ]
    },
    "shape09109_rank08_4.png": {
        "K": [
            274.49688720703125,
            0.0,
            128.0,
            0.0,
            0.0,
            274.49688720703125,
            128.0,
            0.0,
            0.0,
            0.0,
            1.0,
            0.0,
            0.0,
            0.0,
            0.0,
            1.0
        ],
        "W2C": [
            -0.9685831676806712,
            -0.24868986739893584,
            2.5392417549416094e-09,
            -1.5484708587138988e-08,
            -0.14485166564406274,
            0.5641600300104649,
            -0.8128601554949827,
            3.964250314055743e-08,
            0.2021500447035218,
            -0.7873225497963823,
            -0.5824589632148307,
            1.581138828559382,
            0.0,
            0.0,
            0.0,
            1.0
        ],
        "img_size": [
            256,
            256
        ]
    },
    "shape09109_rank08_96.png": {
        "K": [
            274.49688720703125,
            0.0,
            128.0,
            0.0,
            0.0,
            274.49688720703125,
            128.0,
            0.0,
            0.0,
            0.0,
            1.0,
            0.0,
            0.0,
            0.0,
            0.0,
            1.0
        ],
        "W2C": [
            -0.9685836694618734,
            0.24868796326475337,
            -8.39715671742981e-09,
            7.544022992404322e-09,
            0.14485055073218583,
            0.5641602923275991,
            -0.8128601021642193,
            4.236968907068466e-08,
            -0.20214852427980204,
            -0.7873230541782581,
            -0.582459014063849,
            1.5811389865557384,
            0.0,
            0.0,
            0.0,
            1.0
        ],
        "img_size": [
            256,
            256
        ]
    },
    "shape09109_rank08_60.png": {
        "K": [
            274.49688720703125,
            0.0,
            128.0,
            0.0,
            0.0,
            274.49688720703125,
            128.0,
            0.0,
            0.0,
            0.0,
            1.0,
            0.0,
            0.0,
            0.0,
            0.0,
            1.0
        ],
        "W2C": [
            0.8090163253125983,
            0.587786365050964,
            -5.1143479674170955e-09,
            -2.0498703627967865e-08,
            0.3423614399376058,
            -0.4712188570454062,
            -0.8128600983370816,
            2.7603157732224867e-08,
            -0.47778797932483275,
            0.6576170072439038,
            -0.5824590429824534,
            1.581138845361083,
            0.0,
            0.0,
            0.0,
            1.0
        ],
        "img_size": [
            256,
            256
        ]
    },
    "shape09109_rank08_34.png": {
        "K": [
            274.49688720703125,
            0.0,
            128.0,
            0.0,
            0.0,
            274.49688720703125,
            128.0,
            0.0,
            0.0,
            0.0,
            1.0,
            0.0,
            0.0,
            0.0,
            0.0,
            1.0
        ],
        "W2C": [
            0.5358272848499533,
            -0.8443274690255662,
            1.6144490303310186e-08,
            2.8227760426267126e-08,
            -0.4917862315709378,
            -0.312097486286966,
            -0.8128600993320331,
            1.3982836791700352e-08,
            0.6863201491909403,
            0.4355526135109567,
            -0.5824590415939325,
            1.5811388643691404,
            0.0,
            0.0,
            0.0,
            1.0
        ],
        "img_size": [
            256,
            256
        ]
    },
    "shape09109_rank08_14.png": {
        "K": [
            274.49688720703125,
            0.0,
            128.0,
            0.0,
            0.0,
            274.49688720703125,
            128.0,
            0.0,
            0.0,
            0.0,
            1.0,
            0.0,
            0.0,
            0.0,
            0.0,
            1.0
        ],
        "W2C": [
            -0.6374238028428804,
            -0.7705133707722691,
            -4.796319706438021e-09,
            2.336233897108673e-08,
            -0.4487924885050687,
            0.37127324940558387,
            -0.8128600947439979,
            2.0139493205959635e-08,
            0.6263195761223311,
            -0.5181363551066642,
            -0.5824589648146157,
            1.5811388557771173,
            0.0,
            0.0,
            0.0,
            1.0
        ],
        "img_size": [
            256,
            256
        ]
    },
    "shape09109_rank08_24.png": {
        "K": [
            274.49688720703125,
            0.0,
            128.0,
            0.0,
            0.0,
            274.49688720703125,
            128.0,
            0.0,
            0.0,
            0.0,
            1.0,
            0.0,
            0.0,
            0.0,
            0.0,
            1.0
        ],
        "W2C": [
            -0.06279014360568691,
            -0.998026716118699,
            -1.214662140282671e-09,
            -1.2786315109066463e-09,
            -0.5813097132305158,
            0.0365726842241418,
            -0.8128601083874762,
            3.255839861641724e-08,
            0.8112560611292085,
            -0.051039593994938424,
            -0.5824590289564644,
            1.5811388384457175,
            0.0,
            0.0,
            0.0,
            1.0
        ],
        "img_size": [
            256,
            256
        ]
    },
    "shape09109_rank08_95.png": {
        "K": [
            274.49688720703125,
            0.0,
            128.0,
            0.0,
            0.0,
            274.49688720703125,
            128.0,
            0.0,
            0.0,
            0.0,
            1.0,
            0.0,
            0.0,
            0.0,
            0.0,
            1.0
        ],
        "W2C": [
            -0.9510570629212123,
            0.3090150904782858,
            6.815996375870837e-10,
            1.133666072243388e-08,
            0.1799886465815742,
            0.5539518411891883,
            -0.8128600982431922,
            1.32791222465575e-08,
            -0.25118603242028176,
            -0.7730763455524909,
            -0.5824590431134822,
            1.5811388653512197,
            0.0,
            0.0,
            0.0,
            1.0
        ],
        "img_size": [
            256,
            256
        ]
    },
    "shape09109_rank08_25.png": {
        "K": [
            274.49688720703125,
            0.0,
            128.0,
            0.0,
            0.0,
            274.49688720703125,
            128.0,
            0.0,
            0.0,
            0.0,
            1.0,
            0.0,
            0.0,
            0.0,
            0.0,
            1.0
        ],
        "W2C": [
            4.0133924652862313e-07,
            -0.9999999999998389,
            2.804177400852762e-15,
            2.2939434913140008e-14,
            -0.5824590769308381,
            -2.3376370882290445e-07,
            -0.8128600740111243,
            -6.914128287257075e-09,
            0.8128600740109931,
            3.2623265559749484e-07,
            -0.5824590769309319,
            1.5811388935322332,
            0.0,
            0.0,
            0.0,
            1.0
        ],
        "img_size": [
            256,
            256
        ]
    },
    "shape09109_rank08_3.png": {
        "K": [
            274.49688720703125,
            0.0,
            128.0,
            0.0,
            0.0,
            274.49688720703125,
            128.0,
            0.0,
            0.0,
            0.0,
            1.0,
            0.0,
            0.0,
            0.0,
            0.0,
            1.0
        ],
        "W2C": [
            -0.9822872079174811,
            -0.18738131766843644,
            4.0497462920871175e-09,
            2.250445625493502e-09,
            -0.1091419598315296,
            0.5721420951913953,
            -0.8128601047680245,
            2.2709667240348467e-08,
            0.15231479384822932,
            -0.7984620476494099,
            -0.5824590340076482,
            1.581138852190272,
            0.0,
            0.0,
            0.0,
            1.0
        ],
        "img_size": [
            256,
            256
        ]
    },
    "shape09109_rank08_23.png": {
        "K": [
            274.49688720703125,
            0.0,
            128.0,
            0.0,
            0.0,
            274.49688720703125,
            128.0,
            0.0,
            0.0,
            0.0,
            1.0,
            0.0,
            0.0,
            0.0,
            0.0,
            1.0
        ],
        "W2C": [
            -0.12533290032694597,
            -0.9921147036677364,
            -5.835891163069395e-09,
            -5.424212240285042e-09,
            -0.5778662441157356,
            0.07300129328480422,
            -0.8128601088907295,
            1.4827315245201655e-09,
            0.8064504743737562,
            -0.1018781089020581,
            -0.5824590282541414,
            1.5811388818138614,
            0.0,
            0.0,
            0.0,
            1.0
        ],
        "img_size": [
            256,
            256
        ]
    },
    "shape09109_rank08_46.png": {
        "K": [
            274.49688720703125,
            0.0,
            128.0,
            0.0,
            0.0,
            274.49688720703125,
            128.0,
            0.0,
            0.0,
            0.0,
            1.0,
            0.0,
            0.0,
            0.0,
            0.0,
            1.0
        ],
        "W2C": [
            0.9685833278155631,
            -0.24868894725466625,
            6.946144659507698e-09,
            -1.054406611235073e-08,
            -0.14485113920057888,
            -0.5641601625549743,
            -0.8128600821255754,
            1.3508328271938602e-08,
            0.2021493347963565,
            0.7873227284087213,
            -0.58245906560668,
            1.5811388650313474,
            0.0,
            0.0,
            0.0,
            1.0
        ],
        "img_size": [
            256,
            256
        ]
    },
    "shape09109_rank08_94.png": {
        "K": [
            274.49688720703125,
            0.0,
            128.0,
            0.0,
            0.0,
            274.49688720703125,
            128.0,
            0.0,
            0.0,
            0.0,
            1.0,
            0.0,
            0.0,
            0.0,
            0.0,
            1.0
        ],
        "W2C": [
            -0.9297771162477368,
            0.36812276018078954,
            -5.754427138856629e-09,
            -8.356596517430529e-09,
            0.21441645312045085,
            0.5415571613119677,
            -0.8128601093117042,
            1.8043180520480434e-08,
            -0.29923228429419496,
            -0.7557787613686003,
            -0.5824590276666431,
            1.5811388587026622,
            0.0,
            0.0,
            0.0,
            1.0
        ],
        "img_size": [
            256,
            256
        ]
    },
    "shape09109_rank08_82.png": {
        "K": [
            274.49688720703125,
            0.0,
            128.0,
            0.0,
            0.0,
            274.49688720703125,
            128.0,
            0.0,
            0.0,
            0.0,
            1.0,
            0.0,
            0.0,
            0.0,
            0.0,
            1.0
        ],
        "W2C": [
            -0.4257807696418209,
            0.9048263831763994,
            6.903675958628009e-09,
            -1.852618149809277e-08,
            0.5270243330478609,
            0.24799987989738784,
            -0.8128600792539086,
            3.5226303895774473e-08,
            -0.735497166822115,
            -0.3461001375035721,
            -0.5824590100096377,
            1.5811386729201828,
            0.0,
            0.0,
            0.0,
            1.0
        ],
        "img_size": [
            256,
            256
        ]
    },
    "shape09109_rank08_55.png": {
        "K": [
            274.49688720703125,
            0.0,
            128.0,
            0.0,
            0.0,
            274.49688720703125,
            128.0,
            0.0,
            0.0,
            0.0,
            1.0,
            0.0,
            0.0,
            0.0,
            0.0,
            1.0
        ],
        "W2C": [
            0.9510560773738411,
            0.3090180785651418,
            5.96641393360751e-09,
            -6.784965399325949e-09,
            0.17999038343096246,
            -0.5539512887483107,
            -0.8128600663697299,
            9.178037421870503e-09,
            -0.25118845630820485,
            0.7730755745847947,
            -0.5824590875950021,
            1.5811388710745542,
            0.0,
            0.0,
            0.0,
            1.0
        ],
        "img_size": [
            256,
            256
        ]
    },
    "shape09109_rank08_78.png": {
        "K": [
            274.49688720703125,
            0.0,
            128.0,
            0.0,
            0.0,
            274.49688720703125,
            128.0,
            0.0,
            0.0,
            0.0,
            1.0,
            0.0,
            0.0,
            0.0,
            0.0,
            1.0
        ],
        "W2C": [
            -0.1873828084840514,
            0.9822869429803157,
            4.776941604170142e-09,
            6.932843304504434e-09,
            0.5721419408352773,
            0.10914281407286677,
            -0.8128601085305999,
            1.1759077009386365e-08,
            -0.7984618322352811,
            -0.15231598599838528,
            -0.582459028756726,
            1.5811388674725433,
            0.0,
            0.0,
            0.0,
            1.0
        ],
        "img_size": [
            256,
            256
        ]
    },
    "shape09109_rank08_86.png": {
        "K": [
            274.49688720703125,
            0.0,
            128.0,
            0.0,
            0.0,
            274.49688720703125,
            128.0,
            0.0,
            0.0,
            0.0,
            1.0,
            0.0,
            0.0,
            0.0,
            0.0,
            1.0
        ],
        "W2C": [
            -0.6374252594357309,
            0.7705121251319285,
            -6.7193786873102425e-09,
            -4.527025295164405e-08,
            0.4487918002701844,
            0.3712741066719757,
            -0.8128600964056664,
            1.5018767722604084e-08,
            -0.6263185534115866,
            -0.5181375331972216,
            -0.5824590456778704,
            1.5811388629234309,
            0.0,
            0.0,
            0.0,
            1.0
        ],
        "img_size": [
            256,
            256
        ]
    },
    "shape09109_rank08_6.png": {
        "K": [
            274.49688720703125,
            0.0,
            128.0,
            0.0,
            0.0,
            274.49688720703125,
            128.0,
            0.0,
            0.0,
            0.0,
            1.0,
            0.0,
            0.0,
            0.0,
            0.0,
            1.0
        ],
        "W2C": [
            -0.9297764612439405,
            -0.36812458347604865,
            2.9709121808370946e-10,
            1.740236962205832e-08,
            -0.2144175001002093,
            0.541556756686017,
            -0.8128601055454836,
            2.717188810267148e-08,
            0.2992337692101995,
            -0.7557781872686314,
            -0.5824590329226527,
            1.5811388459629483,
            0.0,
            0.0,
            0.0,
            1.0
        ],
        "img_size": [
            256,
            256
        ]
    },
    "shape09109_rank08_74.png": {
        "K": [
            274.49688720703125,
            0.0,
            128.0,
            0.0,
            0.0,
            274.49688720703125,
            128.0,
            0.0,
            0.0,
            0.0,
            1.0,
            0.0,
            0.0,
            0.0,
            0.0,
            1.0
        ],
        "W2C": [
            0.06278910554096571,
            0.9980268470514274,
            6.811991220321921e-10,
            5.687396436577642e-10,
            0.5813097410518069,
            -0.03657207842235852,
            -0.8128601004422401,
            1.7920237136598943e-08,
            -0.8112560999556557,
            0.05103874855857749,
            -0.5824590400445657,
            1.5811388588742377,
            0.0,
            0.0,
            0.0,
            1.0
        ],
        "img_size": [
            256,
            256
        ]
    },
    "shape09109_rank08_12.png": {
        "K": [
            274.49688720703125,
            0.0,
            128.0,
            0.0,
            0.0,
            274.49688720703125,
            128.0,
            0.0,
            0.0,
            0.0,
            1.0,
            0.0,
            0.0,
            0.0,
            0.0,
            1.0
        ],
        "W2C": [
            -0.7289685570265125,
            -0.6845471719782101,
            4.716241743366608e-09,
            -3.249852028796968e-08,
            -0.3987207007748666,
            0.42459433235738514,
            -0.8128601011027927,
            2.25147209191465e-09,
            0.5564410465527995,
            -0.5925494066352306,
            -0.5824590391227209,
            1.5811388807410331,
            0.0,
            0.0,
            0.0,
            1.0
        ],
        "img_size": [
            256,
            256
        ]
    },
    "shape09109_rank08_20.png": {
        "K": [
            274.49688720703125,
            0.0,
            128.0,
            0.0,
            0.0,
            274.49688720703125,
            128.0,
            0.0,
            0.0,
            0.0,
            1.0,
            0.0,
            0.0,
            0.0,
            0.0,
            1.0
        ],
        "W2C": [
            -0.3090167541548065,
            -0.9510566051922805,
            -1.0736928693823179e-08,
            -1.6778217724778885e-08,
            -0.5539515505343445,
            0.17998959768866166,
            -0.8128600743488215,
            -5.095157197531061e-09,
            0.7730759478301131,
            -0.2511873354219152,
            -0.582459076459653,
            1.5811388909937396,
            0.0,
            0.0,
            0.0,
            1.0
        ],
        "img_size": [
            256,
            256
        ]
    },
    "shape09109_rank08_13.png": {
        "K": [
            274.49688720703125,
            0.0,
            128.0,
            0.0,
            0.0,
            274.49688720703125,
            128.0,
            0.0,
            0.0,
            0.0,
            1.0,
            0.0,
            0.0,
            0.0,
            0.0,
            1.0
        ],
        "W2C": [
            -0.6845470520020023,
            -0.728968718399842,
            -1.7794634067079438e-08,
            2.7208427043186545e-09,
            -0.4245944007210223,
            0.39872061223346017,
            -0.8128600913598866,
            2.6267340587325064e-08,
            0.5925495195540956,
            -0.556440904338078,
            -0.5824590527195889,
            1.581138847225304,
            0.0,
            0.0,
            0.0,
            1.0
        ],
        "img_size": [
            256,
            256
        ]
    },
    "shape09109_rank08_22.png": {
        "K": [
            274.49688720703125,
            0.0,
            128.0,
            0.0,
            0.0,
            274.49688720703125,
            128.0,
            0.0,
            0.0,
            0.0,
            1.0,
            0.0,
            0.0,
            0.0,
            0.0,
            1.0
        ],
        "W2C": [
            -0.18738098747363802,
            -0.9822872113896467,
            -2.8360460203322784e-09,
            4.4899803272593156e-09,
            -0.5721421677831504,
            0.10914177200268221,
            -0.8128601049028791,
            2.196073902849501e-08,
            0.7984621465590875,
            -0.15231454428570193,
            -0.5824590338194496,
            1.5811388532354507,
            0.0,
            0.0,
            0.0,
            1.0
        ],
        "img_size": [
            256,
            256
        ]
    },
    "shape09109_rank08_16.png": {
        "K": [
            274.49688720703125,
            0.0,
            128.0,
            0.0,
            0.0,
            274.49688720703125,
            128.0,
            0.0,
            0.0,
            0.0,
            1.0,
            0.0,
            0.0,
            0.0,
            0.0,
            1.0
        ],
        "W2C": [
            -0.5358266501210498,
            -0.8443279302982132,
            1.3281405528066892e-08,
            -7.281573724919394e-08,
            -0.49178644100282776,
            0.3120970907673645,
            -0.8128600808303872,
            9.363800922192721e-09,
            0.6863204780846552,
            -0.43555211507560865,
            -0.582458984231979,
            1.581138870815308,
            0.0,
            0.0,
            0.0,
            1.0
        ],
        "img_size": [
            256,
            256
        ]
    },
    "shape09109_rank08_80.png": {
        "K": [
            274.49688720703125,
            0.0,
            128.0,
            0.0,
            0.0,
            274.49688720703125,
            128.0,
            0.0,
            0.0,
            0.0,
            1.0,
            0.0,
            0.0,
            0.0,
            0.0,
            1.0
        ],
        "W2C": [
            -0.30901845433543645,
            0.9510559486031187,
            -6.66080148262618e-09,
            -3.3742686694598894e-09,
            0.553951212973155,
            0.17999060703296643,
            -0.8128601068425818,
            2.5113592157496176e-08,
            -0.7730754688355651,
            -0.2511887683595553,
            -0.5824590311124667,
            1.581138848835436,
            0.0,
            0.0,
            0.0,
            1.0
        ],
        "img_size": [
            256,
            256
        ]
    },
    "shape09109_rank08_50.png": {
        "K": [
            274.49688720703125,
            0.0,
            128.0,
            0.0,
            0.0,
            274.49688720703125,
            128.0,
            0.0,
            0.0,
            0.0,
            1.0,
            0.0,
            0.0,
            0.0,
            0.0,
            1.0
        ],
        "W2C": [
            0.9999999999989161,
            1.0410972225099904e-06,
            2.0250478899804704e-14,
            2.6681585802072525e-14,
            6.063966386906442e-07,
            -0.5824590769303007,
            -0.812860074011124,
            -6.914128605471488e-09,
            -8.462664233167988e-07,
            0.8128600740102432,
            -0.582459076930932,
            1.5811388935322337,
            0.0,
            0.0,
            0.0,
            1.0
        ],
        "img_size": [
            256,
            256
        ]
    }
}