{
    "camera_angle_x": 0.8726646304130554,
    "frames": [
        {
            "file_path": "train/shape09109_rank08_17",
            "rotation": 0.06283185307179587,
            "transform_matrix": [
                [
                    -0.48175349831581116,
                    0.5104127526283264,
                    -0.7123148441314697,
                    -1.1262686252593994
                ],
                [
                    -0.8763067126274109,
                    -0.2806016802787781,
                    0.3915982246398926,
                    0.619171142578125
                ],
                [
                    -1.4901160305669237e-08,
                    0.8128600716590881,
                    0.582459032535553,
                    0.9209486246109009
                ],
                [
                    0.0,
                    0.0,
                    0.0,
                    1.0
                ]
            ]
        },
        {
            "file_path": "train/shape09109_rank08_40",
            "rotation": 0.06283185307179587,
            "transform_matrix": [
                [
                    0.8090174198150635,
                    0.3423604667186737,
                    -0.477786660194397,
                    -0.7554470300674438
                ],
                [
                    -0.5877846479415894,
                    0.4712195098400116,
                    -0.65761798620224,
                    -1.039785385131836
                ],
                [
                    -1.4901161193847656e-08,
                    0.8128600120544434,
                    0.582459032535553,
                    0.9209486246109009
                ],
                [
                    0.0,
                    0.0,
                    0.0,
                    1.0
                ]
            ]
        },
        {
            "file_path": "train/shape09109_rank08_35",
            "rotation": 0.06283185307179587,
            "transform_matrix": [
                [
                    0.5877857804298401,
                    0.4712190330028534,
                    -0.6576173305511475,
                    -1.03978431224823
                ],
                [
                    -0.8090167045593262,
                    0.34236112236976624,
                    -0.477787584066391,
                    -0.7554485201835632
                ],
                [
                    1.4901162970204496e-08,
                    0.8128600120544434,
                    0.582459032535553,
                    0.9209486246109009
                ],
                [
                    0.0,
                    0.0,
                    0.0,
                    1.0
                ]
            ]
        },
        {
            "file_path": "train/shape09109_rank08_37",
            "rotation": 0.06283185307179587,
            "transform_matrix": [
                [
                    0.6845476627349854,
                    0.42459407448768616,
                    -0.5925490856170654,
                    -0.9369024038314819
                ],
                [
                    -0.7289681434631348,
                    0.39872094988822937,
                    -0.5564414262771606,
                    -0.87981116771698
                ],
                [
                    1.4901162970204496e-08,
                    0.8128600120544434,
                    0.582459032535553,
                    0.9209486246109009
                ],
                [
                    0.0,
                    0.0,
                    0.0,
                    1.0
                ]
            ]
        },
        {
            "file_path": "train/shape09109_rank08_49",
            "rotation": 0.06283185307179587,
            "transform_matrix": [
                [
                    0.9980267882347107,
                    0.03657231479883194,
                    -0.05103908106684685,
                    -0.0806998759508133
                ],
                [
                    -0.06278949975967407,
                    0.5813096761703491,
                    -0.8112561106681824,
                    -1.2827085256576538
                ],
                [
                    -1.862645149230957e-09,
                    0.8128600120544434,
                    0.582459032535553,
                    0.9209486246109009
                ],
                [
                    0.0,
                    0.0,
                    0.0,
                    1.0
                ]
            ]
        },
        {
            "file_path": "train/shape09109_rank08_45",
            "rotation": 0.06283185307179587,
            "transform_matrix": [
                [
                    0.9510567784309387,
                    0.17998923361301422,
                    -0.25118687748908997,
                    -0.3971613049507141
                ],
                [
                    -0.3090161085128784,
                    0.5539515614509583,
                    -0.773076057434082,
                    -1.2223405838012695
                ],
                [
                    -1.4901161193847656e-08,
                    0.8128600120544434,
                    0.582459032535553,
                    0.9209486246109009
                ],
                [
                    0.0,
                    0.0,
                    0.0,
                    1.0
                ]
            ]
        },
        {
            "file_path": "train/shape09109_rank08_72",
            "rotation": 0.06283185307179587,
            "transform_matrix": [
                [
                    0.18737998604774475,
                    -0.5721422433853149,
                    0.7984623312950134,
                    1.2624797821044922
                ],
                [
                    0.9822875261306763,
                    0.10914115607738495,
                    -0.1523137092590332,
                    -0.24082911014556885
                ],
                [
                    0.0,
                    0.8128600120544434,
                    0.582459032535553,
                    0.9209486246109009
                ],
                [
                    0.0,
                    0.0,
                    0.0,
                    1.0
                ]
            ]
        },
        {
            "file_path": "train/shape09109_rank08_58",
            "rotation": 0.06283185307179587,
            "transform_matrix": [
                [
                    0.8763060569763184,
                    -0.28060245513916016,
                    0.39159923791885376,
                    0.6191726922988892
                ],
                [
                    0.4817548096179962,
                    0.5104123950004578,
                    -0.7123141884803772,
                    -1.1262675523757935
                ],
                [
                    1.4901161193847656e-08,
                    0.8128600120544434,
                    0.5824590921401978,
                    0.9209486246109009
                ],
                [
                    0.0,
                    0.0,
                    0.0,
                    1.0
                ]
            ]
        },
        {
            "file_path": "train/shape09109_rank08_64",
            "rotation": 0.06283185307179587,
            "transform_matrix": [
                [
                    0.637423038482666,
                    -0.44879281520843506,
                    0.6263200044631958,
                    0.9902989268302917
                ],
                [
                    0.7705138921737671,
                    0.37127283215522766,
                    -0.5181357860565186,
                    -0.8192446231842041
                ],
                [
                    1.4901160305669237e-08,
                    0.8128600120544434,
                    0.582459032535553,
                    0.9209486246109009
                ],
                [
                    0.0,
                    0.0,
                    0.0,
                    1.0
                ]
            ]
        },
        {
            "file_path": "train/shape09109_rank08_38",
            "rotation": 0.06283185307179587,
            "transform_matrix": [
                [
                    0.7289690971374512,
                    0.39872029423713684,
                    -0.5564405918121338,
                    -0.8798097968101501
                ],
                [
                    -0.6845465898513794,
                    0.42459461092948914,
                    -0.5925499200820923,
                    -0.9369036555290222
                ],
                [
                    0.0,
                    0.8128600716590881,
                    0.582459032535553,
                    0.9209486246109009
                ],
                [
                    0.0,
                    0.0,
                    0.0,
                    1.0
                ]
            ]
        },
        {
            "file_path": "train/shape09109_rank08_53",
            "rotation": 0.06283185307179587,
            "transform_matrix": [
                [
                    0.9822869896888733,
                    -0.10914257168769836,
                    0.1523156762123108,
                    0.24083223938941956
                ],
                [
                    0.18738238513469696,
                    0.5721419453620911,
                    -0.7984619140625,
                    -1.2624791860580444
                ],
                [
                    0.0,
                    0.8128600120544434,
                    0.582459032535553,
                    0.9209486246109009
                ],
                [
                    0.0,
                    0.0,
                    0.0,
                    1.0
                ]
            ]
        },
        {
            "file_path": "train/shape09109_rank08_61",
            "rotation": 0.06283185307179587,
            "transform_matrix": [
                [
                    0.7705124020576477,
                    -0.3712739646434784,
                    0.5181373357772827,
                    0.8192470669746399
                ],
                [
                    0.6374250054359436,
                    0.44879189133644104,
                    -0.6263187527656555,
                    -0.9902969002723694
                ],
                [
                    0.0,
                    0.8128600120544434,
                    0.582459032535553,
                    0.9209486246109009
                ],
                [
                    0.0,
                    0.0,
                    0.0,
                    1.0
                ]
            ]
        },
        {
            "file_path": "train/shape09109_rank08_77",
            "rotation": 0.06283185307179587,
            "transform_matrix": [
                [
                    -0.1253347098827362,
                    -0.5778660178184509,
                    0.8064502477645874,
                    1.2751097679138184
                ],
                [
                    0.9921144843101501,
                    -0.07300233095884323,
                    0.10187958180904388,
                    0.16108576953411102
                ],
                [
                    0.0,
                    0.8128600120544434,
                    0.582459032535553,
                    0.9209486246109009
                ],
                [
                    0.0,
                    0.0,
                    0.0,
                    1.0
                ]
            ]
        },
        {
            "file_path": "train/shape09109_rank08_32",
            "rotation": 0.06283185307179587,
            "transform_matrix": [
                [
                    0.4257797598838806,
                    0.527024507522583,
                    -0.7354975938796997,
                    -1.162923812866211
                ],
                [
                    -0.9048267602920532,
                    0.24799926578998566,
                    -0.3460994064807892,
                    -0.5472311973571777
                ],
                [
                    0.0,
                    0.8128600716590881,
                    0.582459032535553,
                    0.9209486246109009
                ],
                [
                    0.0,
                    0.0,
                    0.0,
                    1.0
                ]
            ]
        },
        {
            "file_path": "train/shape09109_rank08_31",
            "rotation": 0.06283185307179587,
            "transform_matrix": [
                [
                    0.3681250214576721,
                    0.5415565371513367,
                    -0.7557780742645264,
                    -1.1949900388717651
                ],
                [
                    -0.9297763109207153,
                    0.2144177258014679,
                    -0.29923415184020996,
                    -0.4731307625770569
                ],
                [
                    0.0,
                    0.8128600716590881,
                    0.582459032535553,
                    0.9209486246109009
                ],
                [
                    0.0,
                    0.0,
                    0.0,
                    1.0
                ]
            ]
        },
        {
            "file_path": "train/shape09109_rank08_4",
            "rotation": 0.06283185307179587,
            "transform_matrix": [
                [
                    -0.9685831665992737,
                    0.14485163986682892,
                    -0.20215007662773132,
                    -0.3196273446083069
                ],
                [
                    -0.24868986010551453,
                    -0.5641599297523499,
                    0.7873226404190063,
                    1.2448663711547852
                ],
                [
                    7.450580596923828e-09,
                    0.8128600120544434,
                    0.582459032535553,
                    0.9209486246109009
                ],
                [
                    0.0,
                    0.0,
                    0.0,
                    1.0
                ]
            ]
        },
        {
            "file_path": "train/shape09109_rank08_96",
            "rotation": 0.06283185307179587,
            "transform_matrix": [
                [
                    -0.9685836434364319,
                    -0.14485053718090057,
                    0.20214849710464478,
                    0.3196248710155487
                ],
                [
                    0.2486879527568817,
                    -0.5641602277755737,
                    0.7873229384422302,
                    1.244866967201233
                ],
                [
                    -7.450580596923828e-09,
                    0.8128600716590881,
                    0.5824589729309082,
                    0.9209486246109009
                ],
                [
                    0.0,
                    0.0,
                    0.0,
                    1.0
                ]
            ]
        },
        {
            "file_path": "train/shape09109_rank08_60",
            "rotation": 0.06283185307179587,
            "transform_matrix": [
                [
                    0.8090161681175232,
                    -0.3423614203929901,
                    0.4777880012989044,
                    0.7554491758346558
                ],
                [
                    0.5877861976623535,
                    0.4712187945842743,
                    -0.6576169729232788,
                    -1.0397837162017822
                ],
                [
                    0.0,
                    0.8128600120544434,
                    0.582459032535553,
                    0.9209486246109009
                ],
                [
                    0.0,
                    0.0,
                    0.0,
                    1.0
                ]
            ]
        },
        {
            "file_path": "train/shape09109_rank08_34",
            "rotation": 0.06283185307179587,
            "transform_matrix": [
                [
                    0.5358273983001709,
                    0.4917862117290497,
                    -0.6863201856613159,
                    -1.0851675271987915
                ],
                [
                    -0.8443276882171631,
                    0.3120974898338318,
                    -0.4355526566505432,
                    -0.6886692047119141
                ],
                [
                    1.4901162970204496e-08,
                    0.8128600120544434,
                    0.582459032535553,
                    0.9209486246109009
                ],
                [
                    0.0,
                    0.0,
                    0.0,
                    1.0
                ]
            ]
        },
        {
            "file_path": "train/shape09109_rank08_14",
            "rotation": 0.06283185307179587,
            "transform_matrix": [
                [
                    -0.6374238133430481,
                    0.448792427778244,
                    -0.6263195872306824,
                    -0.9902982115745544
                ],
                [
                    -0.7705134153366089,
                    -0.3712732195854187,
                    0.5181363821029663,
                    0.8192455768585205
                ],
                [
                    0.0,
                    0.8128600716590881,
                    0.582459032535553,
                    0.9209486246109009
                ],
                [
                    0.0,
                    0.0,
                    0.0,
                    1.0
                ]
            ]
        },
        {
            "file_path": "train/shape09109_rank08_24",
            "rotation": 0.06283185307179587,
            "transform_matrix": [
                [
                    -0.06279014050960541,
                    0.5813096761703491,
                    -0.8112561106681824,
                    -1.2827085256576538
                ],
                [
                    -0.9980267882347107,
                    -0.036572687327861786,
                    0.05103960260748863,
                    0.08070069551467896
                ],
                [
                    0.0,
                    0.8128600120544434,
                    0.582459032535553,
                    0.9209486246109009
                ],
                [
                    0.0,
                    0.0,
                    0.0,
                    1.0
                ]
            ]
        },
        {
            "file_path": "train/shape09109_rank08_95",
            "rotation": 0.06283185307179587,
            "transform_matrix": [
                [
                    -0.9510571956634521,
                    -0.17998863756656647,
                    0.2511860430240631,
                    0.39716002345085144
                ],
                [
                    0.3090151250362396,
                    -0.5539517998695374,
                    0.7730763554573059,
                    1.2223410606384277
                ],
                [
                    0.0,
                    0.8128600120544434,
                    0.582459032535553,
                    0.9209486246109009
                ],
                [
                    0.0,
                    0.0,
                    0.0,
                    1.0
                ]
            ]
        },
        {
            "file_path": "train/shape09109_rank08_25",
            "rotation": 0.06283185307179587,
            "transform_matrix": [
                [
                    4.0133926404450904e-07,
                    0.582459032535553,
                    -0.8128600120544434,
                    -1.2852445840835571
                ],
                [
                    -1.0,
                    2.3376367153105093e-07,
                    -3.26232623137912e-07,
                    -5.158190674592333e-07
                ],
                [
                    1.4210856409267898e-14,
                    0.8128600120544434,
                    0.582459032535553,
                    0.9209486246109009
                ],
                [
                    0.0,
                    0.0,
                    0.0,
                    1.0
                ]
            ]
        },
        {
            "file_path": "train/shape09109_rank08_3",
            "rotation": 0.06283185307179587,
            "transform_matrix": [
                [
                    -0.9822872877120972,
                    0.10914194583892822,
                    -0.15231479704380035,
                    -0.24083083868026733
                ],
                [
                    -0.1873813420534134,
                    -0.5721420645713806,
                    0.7984620928764343,
                    1.2624794244766235
                ],
                [
                    7.450581485102248e-09,
                    0.8128600120544434,
                    0.582459032535553,
                    0.9209486246109009
                ],
                [
                    0.0,
                    0.0,
                    0.0,
                    1.0
                ]
            ]
        },
        {
            "file_path": "train/shape09109_rank08_23",
            "rotation": 0.06283185307179587,
            "transform_matrix": [
                [
                    -0.12533290684223175,
                    0.5778661370277405,
                    -0.8064504265785217,
                    -1.275110125541687
                ],
                [
                    -0.992114782333374,
                    -0.07300128042697906,
                    0.1018781065940857,
                    0.1610834300518036
                ],
                [
                    -7.450581485102248e-09,
                    0.8128600120544434,
                    0.582459032535553,
                    0.9209486246109009
                ],
                [
                    0.0,
                    0.0,
                    0.0,
                    1.0
                ]
            ]
        },
        {
            "file_path": "train/shape09109_rank08_46",
            "rotation": 0.06283185307179587,
            "transform_matrix": [
                [
                    0.9685834646224976,
                    0.14485113322734833,
                    -0.20214933156967163,
                    -0.3196261525154114
                ],
                [
                    -0.24868899583816528,
                    0.564160168170929,
                    -0.7873227596282959,
                    -1.2448666095733643
                ],
                [
                    7.450581485102248e-09,
                    0.8128600120544434,
                    0.582459032535553,
                    0.9209486246109009
                ],
                [
                    0.0,
                    0.0,
                    0.0,
                    1.0
                ]
            ]
        },
        {
            "file_path": "train/shape09109_rank08_94",
            "rotation": 0.06283185307179587,
            "transform_matrix": [
                [
                    -0.9297772645950317,
                    -0.21441642940044403,
                    0.2992323040962219,
                    0.4731278121471405
                ],
                [
                    0.36812278628349304,
                    -0.5415570735931396,
                    0.7557787299156189,
                    1.194991111755371
                ],
                [
                    -1.4901162970204496e-08,
                    0.8128600120544434,
                    0.582459032535553,
                    0.9209486246109009
                ],
                [
                    0.0,
                    0.0,
                    0.0,
                    1.0
                ]
            ]
        },
        {
            "file_path": "train/shape09109_rank08_82",
            "rotation": 0.06283185307179587,
            "transform_matrix": [
                [
                    -0.4257807433605194,
                    -0.5270242691040039,
                    0.735497236251831,
                    1.1629230976104736
                ],
                [
                    0.9048263430595398,
                    -0.24799984693527222,
                    0.34610018134117126,
                    0.5472323894500732
                ],
                [
                    1.4901160305669237e-08,
                    0.8128600120544434,
                    0.5824590921401978,
                    0.9209486246109009
                ],
                [
                    0.0,
                    0.0,
                    0.0,
                    1.0
                ]
            ]
        },
        {
            "file_path": "train/shape09109_rank08_55",
            "rotation": 0.06283185307179587,
            "transform_matrix": [
                [
                    0.9510562419891357,
                    -0.17999039590358734,
                    0.2511884570121765,
                    0.39716383814811707
                ],
                [
                    0.3090181052684784,
                    0.5539512634277344,
                    -0.773075520992279,
                    -1.2223397493362427
                ],
                [
                    0.0,
                    0.8128600120544434,
                    0.582459032535553,
                    0.9209486246109009
                ],
                [
                    0.0,
                    0.0,
                    0.0,
                    1.0
                ]
            ]
        },
        {
            "file_path": "train/shape09109_rank08_78",
            "rotation": 0.06283185307179587,
            "transform_matrix": [
                [
                    -0.1873828023672104,
                    -0.5721418857574463,
                    0.7984618544578552,
                    1.2624790668487549
                ],
                [
                    0.9822869896888733,
                    -0.10914281010627747,
                    0.15231600403785706,
                    0.24083274602890015
                ],
                [
                    7.450580596923828e-09,
                    0.8128600120544434,
                    0.582459032535553,
                    0.9209486246109009
                ],
                [
                    0.0,
                    0.0,
                    0.0,
                    1.0
                ]
            ]
        },
        {
            "file_path": "train/shape09109_rank08_86",
            "rotation": 0.06283185307179587,
            "transform_matrix": [
                [
                    -0.6374253034591675,
                    -0.4487917721271515,
                    0.6263185739517212,
                    0.9902966022491455
                ],
                [
                    0.7705122232437134,
                    -0.37127411365509033,
                    0.5181375741958618,
                    0.8192474842071533
                ],
                [
                    -1.4901162970204496e-08,
                    0.8128600120544434,
                    0.582459032535553,
                    0.9209486246109009
                ],
                [
                    0.0,
                    0.0,
                    0.0,
                    1.0
                ]
            ]
        },
        {
            "file_path": "train/shape09109_rank08_6",
            "rotation": 0.06283185307179587,
            "transform_matrix": [
                [
                    -0.9297764897346497,
                    0.2144174724817276,
                    -0.2992337644100189,
                    -0.47313010692596436
                ],
                [
                    -0.3681245744228363,
                    -0.5415566563606262,
                    0.7557781338691711,
                    1.1949901580810547
                ],
                [
                    0.0,
                    0.8128600120544434,
                    0.582459032535553,
                    0.9209486246109009
                ],
                [
                    0.0,
                    0.0,
                    0.0,
                    1.0
                ]
            ]
        },
        {
            "file_path": "train/shape09109_rank08_74",
            "rotation": 0.06283185307179587,
            "transform_matrix": [
                [
                    0.06278909742832184,
                    -0.5813097357749939,
                    0.8112561702728271,
                    1.2827086448669434
                ],
                [
                    0.9980267882347107,
                    0.03657208010554314,
                    -0.05103875696659088,
                    -0.0806993618607521
                ],
                [
                    0.0,
                    0.8128600120544434,
                    0.582459032535553,
                    0.9209486246109009
                ],
                [
                    0.0,
                    0.0,
                    0.0,
                    1.0
                ]
            ]
        },
        {
            "file_path": "train/shape09109_rank08_12",
            "rotation": 0.06283185307179587,
            "transform_matrix": [
                [
                    -0.7289685606956482,
                    0.3987206816673279,
                    -0.556441068649292,
                    -0.879810631275177
                ],
                [
                    -0.6845471858978271,
                    -0.42459431290626526,
                    0.5925494432449341,
                    0.9369029402732849
                ],
                [
                    0.0,
                    0.8128600120544434,
                    0.582459032535553,
                    0.9209486246109009
                ],
                [
                    0.0,
                    0.0,
                    0.0,
                    1.0
                ]
            ]
        },
        {
            "file_path": "train/shape09109_rank08_20",
            "rotation": 0.06283185307179587,
            "transform_matrix": [
                [
                    -0.30901670455932617,
                    0.5539515018463135,
                    -0.7730758786201477,
                    -1.2223403453826904
                ],
                [
                    -0.9510565996170044,
                    -0.17998960614204407,
                    0.25118735432624817,
                    0.3971620798110962
                ],
                [
                    -1.4901161193847656e-08,
                    0.8128600120544434,
                    0.582459032535553,
                    0.9209486246109009
                ],
                [
                    0.0,
                    0.0,
                    0.0,
                    1.0
                ]
            ]
        },
        {
            "file_path": "train/shape09109_rank08_13",
            "rotation": 0.06283185307179587,
            "transform_matrix": [
                [
                    -0.6845470070838928,
                    0.4245944023132324,
                    -0.5925495624542236,
                    -0.9369031190872192
                ],
                [
                    -0.7289686799049377,
                    -0.3987206220626831,
                    0.5564409494400024,
                    0.8798103928565979
                ],
                [
                    -1.4901161193847656e-08,
                    0.8128600120544434,
                    0.582459032535553,
                    0.9209486246109009
                ],
                [
                    0.0,
                    0.0,
                    0.0,
                    1.0
                ]
            ]
        },
        {
            "file_path": "train/shape09109_rank08_22",
            "rotation": 0.06283185307179587,
            "transform_matrix": [
                [
                    -0.18738102912902832,
                    0.5721420645713806,
                    -0.7984620928764343,
                    -1.2624794244766235
                ],
                [
                    -0.9822874069213867,
                    -0.1091417521238327,
                    0.15231452882289886,
                    0.2408304214477539
                ],
                [
                    0.0,
                    0.8128600120544434,
                    0.582459032535553,
                    0.9209486246109009
                ],
                [
                    0.0,
                    0.0,
                    0.0,
                    1.0
                ]
            ]
        },
        {
            "file_path": "train/shape09109_rank08_16",
            "rotation": 0.06283185307179587,
            "transform_matrix": [
                [
                    -0.5358267426490784,
                    0.4917864501476288,
                    -0.6863205432891846,
                    -1.0851681232452393
                ],
                [
                    -0.8443280458450317,
                    -0.31209707260131836,
                    0.4355521500110626,
                    0.6886683702468872
                ],
                [
                    0.0,
                    0.8128600716590881,
                    0.582459032535553,
                    0.9209486246109009
                ],
                [
                    0.0,
                    0.0,
                    0.0,
                    1.0
                ]
            ]
        },
        {
            "file_path": "train/shape09109_rank08_80",
            "rotation": 0.06283185307179587,
            "transform_matrix": [
                [
                    -0.30901849269866943,
                    -0.5539511442184448,
                    0.7730754613876343,
                    1.2223396301269531
                ],
                [
                    0.9510561227798462,
                    -0.17999058961868286,
                    0.2511887848377228,
                    0.39716434478759766
                ],
                [
                    0.0,
                    0.8128600120544434,
                    0.582459032535553,
                    0.9209486246109009
                ],
                [
                    0.0,
                    0.0,
                    0.0,
                    1.0
                ]
            ]
        },
        {
            "file_path": "train/shape09109_rank08_50",
            "rotation": 0.06283185307179587,
            "transform_matrix": [
                [
                    1.0,
                    -6.063964974600822e-07,
                    8.462662890451611e-07,
                    1.338064521405613e-06
                ],
                [
                    1.041097334564256e-06,
                    0.582459032535553,
                    -0.8128600120544434,
                    -1.2852445840835571
                ],
                [
                    5.684342563707159e-14,
                    0.8128600120544434,
                    0.582459032535553,
                    0.9209486246109009
                ],
                [
                    0.0,
                    0.0,
                    0.0,
                    1.0
                ]
            ]
        }
    ]
}