{
    "shape09194_rank04_60.png": {
        "K": [
            274.49688720703125,
            0.0,
            128.0,
            0.0,
            0.0,
            274.49688720703125,
            128.0,
            0.0,
            0.0,
            0.0,
            1.0,
            0.0,
            0.0,
            0.0,
            0.0,
            1.0
        ],
        "W2C": [
            0.8090163200931308,
            0.5877863722349257,
            -1.1477266581298404e-08,
            -3.2259737018261726e-09,
            0.3423614350831654,
            -0.4712188503638598,
            -0.812860104255005,
            4.366790733507236e-08,
            -0.4777880214435114,
            0.6576170652151392,
            -0.5824590943282518,
            1.5811389847439932,
            0.0,
            0.0,
            0.0,
            1.0
        ],
        "img_size": [
            256,
            256
        ]
    },
    "shape09194_rank04_26.png": {
        "K": [
            274.49688720703125,
            0.0,
            128.0,
            0.0,
            0.0,
            274.49688720703125,
            128.0,
            0.0,
            0.0,
            0.0,
            1.0,
            0.0,
            0.0,
            0.0,
            0.0,
            1.0
        ],
        "W2C": [
            0.0627909421827846,
            -0.9980266748560068,
            6.750085358593794e-14,
            -3.567661953504682e-09,
            -0.5813096826997002,
            -0.036573153170589456,
            -0.8128600881706192,
            4.695127008478204e-08,
            0.8112560185214406,
            0.05104024844064843,
            -0.5824590571704226,
            1.5811388183595156,
            0.0,
            0.0,
            0.0,
            1.0
        ],
        "img_size": [
            256,
            256
        ]
    },
    "shape09194_rank04_13.png": {
        "K": [
            274.49688720703125,
            0.0,
            128.0,
            0.0,
            0.0,
            274.49688720703125,
            128.0,
            0.0,
            0.0,
            0.0,
            1.0,
            0.0,
            0.0,
            0.0,
            0.0,
            1.0
        ],
        "W2C": [
            -0.6845470504330858,
            -0.7289687198731523,
            -1.9336833623078577e-08,
            6.907285428559087e-09,
            -0.42459440109027663,
            0.398720612580213,
            -0.8128600909969204,
            2.5282034867846157e-08,
            0.5925495807066529,
            -0.556440961764138,
            -0.5824591128307853,
            1.581139010402694,
            0.0,
            0.0,
            0.0,
            1.0
        ],
        "img_size": [
            256,
            256
        ]
    },
    "shape09194_rank04_6.png": {
        "K": [
            274.49688720703125,
            0.0,
            128.0,
            0.0,
            0.0,
            274.49688720703125,
            128.0,
            0.0,
            0.0,
            0.0,
            1.0,
            0.0,
            0.0,
            0.0,
            0.0,
            1.0
        ],
        "W2C": [
            -0.9297765246976196,
            -0.36812460355682886,
            3.6564608865782173e-09,
            8.283051474794404e-09,
            -0.21441749404999985,
            0.5415567505305675,
            -0.8128601112423997,
            4.263669306316778e-08,
            0.29923379138815503,
            -0.7557782560191761,
            -0.5824590845768804,
            1.5811389861831209,
            0.0,
            0.0,
            0.0,
            1.0
        ],
        "img_size": [
            256,
            256
        ]
    },
    "shape09194_rank04_51.png": {
        "K": [
            274.49688720703125,
            0.0,
            128.0,
            0.0,
            0.0,
            274.49688720703125,
            128.0,
            0.0,
            0.0,
            0.0,
            1.0,
            0.0,
            0.0,
            0.0,
            0.0,
            1.0
        ],
        "W2C": [
            0.998026773904216,
            0.06279158415907952,
            -1.8311462347677913e-09,
            -4.352860001491924e-09,
            0.03657351912304261,
            -0.5813096252492274,
            -0.8128600961966385,
            6.852769762940828e-08,
            -0.05104076756617472,
            0.8112560211627876,
            -0.5824591055742353,
            1.581138950050512,
            0.0,
            0.0,
            0.0,
            1.0
        ],
        "img_size": [
            256,
            256
        ]
    },
    "shape09194_rank04_72.png": {
        "K": [
            274.49688720703125,
            0.0,
            128.0,
            0.0,
            0.0,
            274.49688720703125,
            128.0,
            0.0,
            0.0,
            0.0,
            1.0,
            0.0,
            0.0,
            0.0,
            0.0,
            1.0
        ],
        "W2C": [
            0.18737999199659472,
            0.9822876031062179,
            5.3920206327290085e-09,
            -7.0692821936079594e-09,
            0.5721422223967476,
            -0.10914116618928078,
            -0.8128601019737186,
            3.4715932749301144e-08,
            -0.7984622227759659,
            0.1523136988331271,
            -0.5824590379072865,
            1.5811388354347362,
            0.0,
            0.0,
            0.0,
            1.0
        ],
        "img_size": [
            256,
            256
        ]
    },
    "shape09194_rank04_4.png": {
        "K": [
            274.49688720703125,
            0.0,
            128.0,
            0.0,
            0.0,
            274.49688720703125,
            128.0,
            0.0,
            0.0,
            0.0,
            1.0,
            0.0,
            0.0,
            0.0,
            0.0,
            1.0
        ],
        "W2C": [
            -0.9685832866959692,
            -0.2486898979568679,
            2.5392421127204747e-09,
            -1.548471056307114e-08,
            -0.14485166608417177,
            0.5641600298974639,
            -0.8128601554949828,
            3.964250329966463e-08,
            0.20215004531772296,
            -0.7873225496386821,
            -0.5824589632148306,
            1.5811388285593817,
            0.0,
            0.0,
            0.0,
            1.0
        ],
        "img_size": [
            256,
            256
        ]
    },
    "shape09194_rank04_32.png": {
        "K": [
            274.49688720703125,
            0.0,
            128.0,
            0.0,
            0.0,
            274.49688720703125,
            128.0,
            0.0,
            0.0,
            0.0,
            1.0,
            0.0,
            0.0,
            0.0,
            0.0,
            1.0
        ],
        "W2C": [
            0.4257798561004327,
            -0.9048269322439394,
            -5.0572845659503045e-09,
            1.2822568108287562e-08,
            -0.5270245475266575,
            -0.24799927922305873,
            -0.8128600865768699,
            3.993732464177713e-08,
            0.7354976597114491,
            0.3460994185844062,
            -0.5824590358170276,
            1.581138989950264,
            0.0,
            0.0,
            0.0,
            1.0
        ],
        "img_size": [
            256,
            256
        ]
    },
    "shape09194_rank04_83.png": {
        "K": [
            274.49688720703125,
            0.0,
            128.0,
            0.0,
            0.0,
            274.49688720703125,
            128.0,
            0.0,
            0.0,
            0.0,
            1.0,
            0.0,
            0.0,
            0.0,
            0.0,
            1.0
        ],
        "W2C": [
            -0.48175521119701475,
            0.876305984395101,
            -7.813397689278619e-09,
            1.4046918820861982e-09,
            0.5104123091618931,
            0.2806026402376109,
            -0.81286007669883,
            4.3162570560009205e-08,
            -0.7123140434328084,
            -0.3915995217571042,
            -0.5824590731800611,
            1.5811388236468957,
            0.0,
            0.0,
            0.0,
            1.0
        ],
        "img_size": [
            256,
            256
        ]
    },
    "shape09194_rank04_9.png": {
        "K": [
            274.49688720703125,
            0.0,
            128.0,
            0.0,
            0.0,
            274.49688720703125,
            128.0,
            0.0,
            0.0,
            0.0,
            1.0,
            0.0,
            0.0,
            0.0,
            0.0,
            1.0
        ],
        "W2C": [
            -0.8443279602573975,
            -0.5358269189958714,
            -1.3350824250030093e-09,
            3.901665078575223e-09,
            -0.3120972003310555,
            0.4917864200728743,
            -0.8128601013218195,
            1.8336075594626195e-08,
            0.43555223604120963,
            -0.6863203985496567,
            -0.5824590388170545,
            1.5811388582939077,
            0.0,
            0.0,
            0.0,
            1.0
        ],
        "img_size": [
            256,
            256
        ]
    },
    "shape09194_rank04_15.png": {
        "K": [
            274.49688720703125,
            0.0,
            128.0,
            0.0,
            0.0,
            274.49688720703125,
            128.0,
            0.0,
            0.0,
            0.0,
            1.0,
            0.0,
            0.0,
            0.0,
            0.0,
            1.0
        ],
        "W2C": [
            -0.5877851522961296,
            -0.8090170918584167,
            -1.8739179750694565e-09,
            -3.920024045062334e-08,
            -0.4712193137608321,
            0.3423607684963489,
            -0.8128600988212897,
            8.823673851633617e-09,
            0.6576176446204158,
            -0.4777870422842552,
            -0.5824590423067089,
            1.581138871569092,
            0.0,
            0.0,
            0.0,
            1.0
        ],
        "img_size": [
            256,
            256
        ]
    },
    "shape09194_rank04_34.png": {
        "K": [
            274.49688720703125,
            0.0,
            128.0,
            0.0,
            0.0,
            274.49688720703125,
            128.0,
            0.0,
            0.0,
            0.0,
            1.0,
            0.0,
            0.0,
            0.0,
            0.0,
            1.0
        ],
        "W2C": [
            0.5358273605447539,
            -0.8443275780236998,
            1.2198404630222115e-08,
            3.893978387756804e-08,
            -0.4917862205912681,
            -0.31209748866633574,
            -0.8128601050612545,
            2.9535337873880832e-08,
            0.686320204101133,
            0.43555266140283316,
            -0.5824590932030772,
            1.5811390044669296,
            0.0,
            0.0,
            0.0,
            1.0
        ],
        "img_size": [
            256,
            256
        ]
    },
    "shape09194_rank04_54.png": {
        "K": [
            274.49688720703125,
            0.0,
            128.0,
            0.0,
            0.0,
            274.49688720703125,
            128.0,
            0.0,
            0.0,
            0.0,
            1.0,
            0.0,
            0.0,
            0.0,
            0.0,
            1.0
        ],
        "W2C": [
            0.968582885987946,
            0.24869099275000003,
            6.783617316063411e-09,
            -3.73318648997467e-09,
            0.14485232720907165,
            -0.5641598639681362,
            -0.8128601160880673,
            6.471340856436536e-08,
            -0.20215098864781722,
            0.7873223986422511,
            -0.5824590778144308,
            1.5811389553736044,
            0.0,
            0.0,
            0.0,
            1.0
        ],
        "img_size": [
            256,
            256
        ]
    },
    "shape09194_rank04_55.png": {
        "K": [
            274.49688720703125,
            0.0,
            128.0,
            0.0,
            0.0,
            274.49688720703125,
            128.0,
            0.0,
            0.0,
            0.0,
            1.0,
            0.0,
            0.0,
            0.0,
            0.0,
            1.0
        ],
        "W2C": [
            0.9510561964512684,
            0.30901810877327607,
            1.1747186782354705e-08,
            -2.2477404893195078e-08,
            0.17999038560732997,
            -0.5539512794360943,
            -0.8128600722339482,
            2.5096998832740374e-08,
            -0.2511884850502822,
            0.7730756406999523,
            -0.582459139015754,
            1.581139010660924,
            0.0,
            0.0,
            0.0,
            1.0
        ],
        "img_size": [
            256,
            256
        ]
    },
    "shape09194_rank04_63.png": {
        "K": [
            274.49688720703125,
            0.0,
            128.0,
            0.0,
            0.0,
            274.49688720703125,
            128.0,
            0.0,
            0.0,
            0.0,
            1.0,
            0.0,
            0.0,
            0.0,
            0.0,
            1.0
        ],
        "W2C": [
            0.6845460907016847,
            0.7289696785806364,
            -2.9873669124152788e-09,
            6.01433336234891e-09,
            0.4245949297205005,
            -0.3987200131622762,
            -0.8128600916347877,
            5.0888563514803e-08,
            -0.5925502837448479,
            0.5564401277461815,
            -0.582458969153724,
            1.5811388128647577,
            0.0,
            0.0,
            0.0,
            1.0
        ],
        "img_size": [
            256,
            256
        ]
    },
    "shape09194_rank04_31.png": {
        "K": [
            274.49688720703125,
            0.0,
            128.0,
            0.0,
            0.0,
            274.49688720703125,
            128.0,
            0.0,
            0.0,
            0.0,
            1.0,
            0.0,
            0.0,
            0.0,
            0.0,
            1.0
        ],
        "W2C": [
            0.36812504868993356,
            -0.9297763502770066,
            4.826411483928986e-09,
            -3.1833895784287614e-08,
            -0.5415565956077595,
            -0.21441773432782046,
            -0.8128601040724192,
            3.145742440066754e-08,
            0.7557780178922798,
            0.299234118032246,
            -0.5824589517961873,
            1.5811388399821964,
            0.0,
            0.0,
            0.0,
            1.0
        ],
        "img_size": [
            256,
            256
        ]
    },
    "shape09194_rank04_48.png": {
        "K": [
            274.49688720703125,
            0.0,
            128.0,
            0.0,
            0.0,
            274.49688720703125,
            128.0,
            0.0,
            0.0,
            0.0,
            1.0,
            0.0,
            0.0,
            0.0,
            0.0,
            1.0
        ],
        "W2C": [
            0.992114809365348,
            -0.12533224746896288,
            2.706274946886492e-09,
            8.158633703338484e-09,
            -0.07300089654935978,
            -0.5778662338003385,
            -0.8128601012325144,
            6.243255621318965e-08,
            0.10187758469308077,
            0.8064505400994467,
            -0.5824590985463375,
            1.581138958556685,
            0.0,
            0.0,
            0.0,
            1.0
        ],
        "img_size": [
            256,
            256
        ]
    },
    "shape09194_rank04_89.png": {
        "K": [
            274.49688720703125,
            0.0,
            128.0,
            0.0,
            0.0,
            274.49688720703125,
            128.0,
            0.0,
            0.0,
            0.0,
            1.0,
            0.0,
            0.0,
            0.0,
            0.0,
            1.0
        ],
        "W2C": [
            -0.7705144927655929,
            0.6374226771384696,
            1.7340783272099463e-09,
            1.3450361927380852e-08,
            0.37127255401154213,
            0.44879311093088603,
            -0.8128600958571682,
            1.0221106642807983e-08,
            -0.5181354193794264,
            -0.6263204466182501,
            -0.5824591060479881,
            1.5811390314212155,
            0.0,
            0.0,
            0.0,
            1.0
        ],
        "img_size": [
            256,
            256
        ]
    },
    "shape09194_rank04_61.png": {
        "K": [
            274.49688720703125,
            0.0,
            128.0,
            0.0,
            0.0,
            274.49688720703125,
            128.0,
            0.0,
            0.0,
            0.0,
            1.0,
            0.0,
            0.0,
            0.0,
            0.0,
            1.0
        ],
        "W2C": [
            0.7705124904737108,
            0.6374251033932105,
            1.1574354096683375e-08,
            -4.501207165224178e-09,
            0.37127398024744956,
            -0.44879191495961673,
            -0.8128600930723118,
            2.3102501570299506e-08,
            -0.5181373370512916,
            0.6263187297756315,
            -0.582459050329787,
            1.5811388516420457,
            0.0,
            0.0,
            0.0,
            1.0
        ],
        "img_size": [
            256,
            256
        ]
    },
    "shape09194_rank04_86.png": {
        "K": [
            274.49688720703125,
            0.0,
            128.0,
            0.0,
            0.0,
            274.49688720703125,
            128.0,
            0.0,
            0.0,
            0.0,
            1.0,
            0.0,
            0.0,
            0.0,
            0.0,
            1.0
        ],
        "W2C": [
            -0.6374253079598808,
            0.770512193903185,
            -2.098966612910887e-09,
            -5.7812792932786784e-08,
            0.4487918034843565,
            0.3712741033344311,
            -0.8128600961555004,
            1.4339668875073728e-08,
            -0.6263186219900944,
            -0.5181375815619098,
            -0.582459105631646,
            1.5811390256734907,
            0.0,
            0.0,
            0.0,
            1.0
        ],
        "img_size": [
            256,
            256
        ]
    },
    "shape09194_rank04_1.png": {
        "K": [
            274.49688720703125,
            0.0,
            128.0,
            0.0,
            0.0,
            274.49688720703125,
            128.0,
            0.0,
            0.0,
            0.0,
            1.0,
            0.0,
            0.0,
            0.0,
            0.0,
            1.0
        ],
        "W2C": [
            -0.9980267871359365,
            -0.06279052961912035,
            2.7897398636206888e-09,
            -1.5777029343944661e-09,
            -0.036572912946772465,
            0.5813097131907569,
            -0.8128600880683909,
            4.702419333637316e-08,
            0.05103990680928391,
            -0.8112560614753175,
            -0.5824590573130887,
            1.5811388182577464,
            0.0,
            0.0,
            0.0,
            1.0
        ],
        "img_size": [
            256,
            256
        ]
    },
    "shape09194_rank04_36.png": {
        "K": [
            274.49688720703125,
            0.0,
            128.0,
            0.0,
            0.0,
            274.49688720703125,
            128.0,
            0.0,
            0.0,
            0.0,
            1.0,
            0.0,
            0.0,
            0.0,
            0.0,
            1.0
        ],
        "W2C": [
            0.6374245322792497,
            -0.7705128805788688,
            7.366428966120035e-09,
            -3.866203857219393e-08,
            -0.4487921598649432,
            -0.3712736910677039,
            -0.8128601080392154,
            3.394204952085498e-08,
            0.6263191519575004,
            0.5181369667920867,
            -0.5824590890471357,
            1.58113899831707,
            0.0,
            0.0,
            0.0,
            1.0
        ],
        "img_size": [
            256,
            256
        ]
    },
    "shape09194_rank04_82.png": {
        "K": [
            274.49688720703125,
            0.0,
            128.0,
            0.0,
            0.0,
            274.49688720703125,
            128.0,
            0.0,
            0.0,
            0.0,
            1.0,
            0.0,
            0.0,
            0.0,
            0.0,
            1.0
        ],
        "W2C": [
            -0.42578082520626354,
            0.9048265042868983,
            7.828282121391881e-09,
            -2.1036110415644843e-08,
            0.5270243267404908,
            0.24799987488563388,
            -0.8128600848724052,
            5.04782313775399e-08,
            -0.7354972332852245,
            -0.3461001659267233,
            -0.5824590617732973,
            1.5811388134374078,
            0.0,
            0.0,
            0.0,
            1.0
        ],
        "img_size": [
            256,
            256
        ]
    },
    "shape09194_rank04_35.png": {
        "K": [
            274.49688720703125,
            0.0,
            128.0,
            0.0,
            0.0,
            274.49688720703125,
            128.0,
            0.0,
            0.0,
            0.0,
            1.0,
            0.0,
            0.0,
            0.0,
            0.0,
            1.0
        ],
        "W2C": [
            0.5877857987085766,
            -0.8090166659958903,
            -2.3301257134269805e-09,
            1.1474964809932934e-08,
            -0.4712190375320977,
            -0.3423611317375891,
            -0.8128601108254179,
            2.7867616099722193e-08,
            0.65761734145823,
            0.4777875774074699,
            -0.5824590851588064,
            1.5811390067943445,
            0.0,
            0.0,
            0.0,
            1.0
        ],
        "img_size": [
            256,
            256
        ]
    },
    "shape09194_rank04_47.png": {
        "K": [
            274.49688720703125,
            0.0,
            128.0,
            0.0,
            0.0,
            274.49688720703125,
            128.0,
            0.0,
            0.0,
            0.0,
            1.0,
            0.0,
            0.0,
            0.0,
            0.0,
            1.0
        ],
        "W2C": [
            0.9822876308722264,
            -0.18738041129366254,
            3.942078317705748e-09,
            -8.397986715432413e-09,
            -0.10914140088123248,
            -0.5721422110794362,
            -0.812860089369732,
            -6.215144553892753e-09,
            0.15231402636123126,
            0.7984622069819112,
            -0.5824590554969814,
            1.5811388925567553,
            0.0,
            0.0,
            0.0,
            1.0
        ],
        "img_size": [
            256,
            256
        ]
    },
    "shape09194_rank04_59.png": {
        "K": [
            274.49688720703125,
            0.0,
            128.0,
            0.0,
            0.0,
            274.49688720703125,
            128.0,
            0.0,
            0.0,
            0.0,
            1.0,
            0.0,
            0.0,
            0.0,
            0.0,
            1.0
        ],
        "W2C": [
            0.8443272886882423,
            0.5358279031565185,
            -1.10543277027706e-08,
            3.9348678303332193e-08,
            0.3120977836884238,
            -0.49178606212811127,
            -0.8128601108897623,
            3.3564154781046134e-08,
            -0.43555309472626214,
            0.6863199692471436,
            -0.5824590850690093,
            1.581138998844448,
            0.0,
            0.0,
            0.0,
            1.0
        ],
        "img_size": [
            256,
            256
        ]
    },
    "shape09194_rank04_17.png": {
        "K": [
            274.49688720703125,
            0.0,
            128.0,
            0.0,
            0.0,
            274.49688720703125,
            128.0,
            0.0,
            0.0,
            0.0,
            1.0,
            0.0,
            0.0,
            0.0,
            0.0,
            1.0
        ],
        "W2C": [
            -0.4817535771730587,
            -0.8763068733750079,
            -1.4387993938083094e-08,
            2.210772294818032e-09,
            -0.5104127544601208,
            0.2806016890309477,
            -0.8128600956369403,
            4.739061826878761e-08,
            0.7123147417574441,
            -0.3915981781627644,
            -0.5824589635684551,
            1.5811388177463712,
            0.0,
            0.0,
            0.0,
            1.0
        ],
        "img_size": [
            256,
            256
        ]
    },
    "shape09194_rank04_5.png": {
        "K": [
            274.49688720703125,
            0.0,
            128.0,
            0.0,
            0.0,
            274.49688720703125,
            128.0,
            0.0,
            0.0,
            0.0,
            1.0,
            0.0,
            0.0,
            0.0,
            0.0,
            1.0
        ],
        "W2C": [
            -0.9510564882316876,
            -0.30901699954375894,
            1.4614643154375524e-08,
            1.948386617183782e-08,
            -0.17998974118974348,
            0.5539514624212589,
            -0.8128601102457669,
            1.4305729312968009e-08,
            0.2511875857229279,
            -0.7730758960678493,
            -0.5824590859677475,
            1.5811390257208542,
            0.0,
            0.0,
            0.0,
            1.0
        ],
        "img_size": [
            256,
            256
        ]
    },
    "shape09194_rank04_24.png": {
        "K": [
            274.49688720703125,
            0.0,
            128.0,
            0.0,
            0.0,
            274.49688720703125,
            128.0,
            0.0,
            0.0,
            0.0,
            1.0,
            0.0,
            0.0,
            0.0,
            0.0,
            1.0
        ],
        "W2C": [
            -0.06279014362568022,
            -0.9980267161174411,
            -1.2003075057350125e-09,
            -1.3175985131094239e-09,
            -0.5813097021445102,
            0.036572683526673685,
            -0.8128601163469166,
            5.416503443771168e-08,
            0.8112561286760407,
            -0.05103959824459899,
            -0.5824590774531896,
            1.5811389700945582,
            0.0,
            0.0,
            0.0,
            1.0
        ],
        "img_size": [
            256,
            256
        ]
    },
    "shape09194_rank04_67.png": {
        "K": [
            274.49688720703125,
            0.0,
            128.0,
            0.0,
            0.0,
            274.49688720703125,
            128.0,
            0.0,
            0.0,
            0.0,
            1.0,
            0.0,
            0.0,
            0.0,
            0.0,
            1.0
        ],
        "W2C": [
            0.48175261407801073,
            0.8763074070682013,
            1.5828995071207235e-08,
            3.1748263176846955e-10,
            0.5104131092296493,
            -0.28060111181382846,
            -0.8128601503521117,
            2.5037561497206667e-08,
            -0.7123152328734076,
            0.39159742881415294,
            -0.5824590299966909,
            1.5811390107438728,
            0.0,
            0.0,
            0.0,
            1.0
        ],
        "img_size": [
            256,
            256
        ]
    },
    "shape09194_rank04_19.png": {
        "K": [
            274.49688720703125,
            0.0,
            128.0,
            0.0,
            0.0,
            274.49688720703125,
            128.0,
            0.0,
            0.0,
            0.0,
            1.0,
            0.0,
            0.0,
            0.0,
            0.0,
            1.0
        ],
        "W2C": [
            -0.3681243453037917,
            -0.9297766735386878,
            9.455988264557915e-09,
            -3.390014466076416e-08,
            -0.5415567879146097,
            0.21441732585075501,
            -0.8128600905885993,
            -3.035550203785659e-10,
            0.7557782214323978,
            -0.2992335498202422,
            -0.5824590537959715,
            1.581138884306741,
            0.0,
            0.0,
            0.0,
            1.0
        ],
        "img_size": [
            256,
            256
        ]
    },
    "shape09194_rank04_20.png": {
        "K": [
            274.49688720703125,
            0.0,
            128.0,
            0.0,
            0.0,
            274.49688720703125,
            128.0,
            0.0,
            0.0,
            0.0,
            1.0,
            0.0,
            0.0,
            0.0,
            0.0,
            1.0
        ],
        "W2C": [
            -0.30901676399948763,
            -0.9510566615982015,
            -1.6517756280836213e-08,
            -1.085630639486895e-09,
            -0.5539515394357838,
            0.17998960536283778,
            -0.8128600802130446,
            1.0823817726678474e-08,
            0.7730760114523473,
            -0.2511873718364318,
            -0.5824591278803971,
            1.581139030580092,
            0.0,
            0.0,
            0.0,
            1.0
        ],
        "img_size": [
            256,
            256
        ]
    },
    "shape09194_rank04_28.png": {
        "K": [
            274.49688720703125,
            0.0,
            128.0,
            0.0,
            0.0,
            274.49688720703125,
            128.0,
            0.0,
            0.0,
            0.0,
            1.0,
            0.0,
            0.0,
            0.0,
            0.0,
            1.0
        ],
        "W2C": [
            0.18738177989986116,
            -0.9822871565172763,
            9.667947461063352e-09,
            -1.4813630705355866e-08,
            -0.5721420337946148,
            -0.1091422130649742,
            -0.8128601199211746,
            5.634150604424481e-08,
            0.7984620436749879,
            0.15231516283904453,
            -0.5824590724650762,
            1.5811389670571478,
            0.0,
            0.0,
            0.0,
            1.0
        ],
        "img_size": [
            256,
            256
        ]
    },
    "shape09194_rank04_68.png": {
        "K": [
            274.49688720703125,
            0.0,
            128.0,
            0.0,
            0.0,
            274.49688720703125,
            128.0,
            0.0,
            0.0,
            0.0,
            1.0,
            0.0,
            0.0,
            0.0,
            0.0,
            1.0
        ],
        "W2C": [
            0.42577813840032197,
            0.904827589728276,
            2.1194886674919666e-09,
            2.8054616869748953e-09,
            0.5270249790491589,
            -0.24799831722408056,
            -0.8128600820947195,
            1.2345900294566326e-08,
            -0.7354982619296785,
            0.34609807605112114,
            -0.5824590420721655,
            1.581139028455924,
            0.0,
            0.0,
            0.0,
            1.0
        ],
        "img_size": [
            256,
            256
        ]
    },
    "shape09194_rank04_81.png": {
        "K": [
            274.49688720703125,
            0.0,
            128.0,
            0.0,
            0.0,
            274.49688720703125,
            128.0,
            0.0,
            0.0,
            0.0,
            1.0,
            0.0,
            0.0,
            0.0,
            0.0,
            1.0
        ],
        "W2C": [
            -0.36812609934936996,
            0.9297759267367129,
            -1.0035724471341613e-08,
            2.6842894571704746e-08,
            0.5415563947956209,
            0.2144183629228866,
            -0.8128600856975461,
            5.111615215931862e-09,
            -0.7557776728088645,
            -0.2992349971228129,
            -0.582459060621759,
            1.581138876749514,
            0.0,
            0.0,
            0.0,
            1.0
        ],
        "img_size": [
            256,
            256
        ]
    },
    "shape09194_rank04_88.png": {
        "K": [
            274.49688720703125,
            0.0,
            128.0,
            0.0,
            0.0,
            274.49688720703125,
            128.0,
            0.0,
            0.0,
            0.0,
            1.0,
            0.0,
            0.0,
            0.0,
            0.0,
            1.0
        ],
        "W2C": [
            -0.728969859696791,
            0.6845459497005076,
            1.509226043108248e-08,
            -5.8840117722568414e-08,
            0.3987199536249962,
            0.4245950643591235,
            -0.8128600917021216,
            2.0092803595434774e-08,
            -0.5564400794472855,
            -0.592550471316415,
            -0.5824591118466304,
            1.5811390176446078,
            0.0,
            0.0,
            0.0,
            1.0
        ],
        "img_size": [
            256,
            256
        ]
    },
    "shape09194_rank04_74.png": {
        "K": [
            274.49688720703125,
            0.0,
            128.0,
            0.0,
            0.0,
            274.49688720703125,
            128.0,
            0.0,
            0.0,
            0.0,
            1.0,
            0.0,
            0.0,
            0.0,
            0.0,
            1.0
        ],
        "W2C": [
            0.06278910927610369,
            0.9980269064210897,
            6.811991627151022e-10,
            5.687396776243139e-10,
            0.581309740914935,
            -0.03657208059792319,
            -0.8128601004422401,
            1.7920237136598943e-08,
            -0.8112560997646421,
            0.051038751594721536,
            -0.5824590400445657,
            1.5811388588742377,
            0.0,
            0.0,
            0.0,
            1.0
        ],
        "img_size": [
            256,
            256
        ]
    },
    "shape09194_rank04_96.png": {
        "K": [
            274.49688720703125,
            0.0,
            128.0,
            0.0,
            0.0,
            274.49688720703125,
            128.0,
            0.0,
            0.0,
            0.0,
            1.0,
            0.0,
            0.0,
            0.0,
            0.0,
            1.0
        ],
        "W2C": [
            -0.9685837884772358,
            0.2486879938224522,
            -8.397157750917433e-09,
            7.544023760193672e-09,
            0.14485055117215875,
            0.5641602922146342,
            -0.8128601021642193,
            4.2369688615888e-08,
            -0.20214852489381338,
            -0.7873230540206081,
            -0.582459014063849,
            1.5811389865557388,
            0.0,
            0.0,
            0.0,
            1.0
        ],
        "img_size": [
            256,
            256
        ]
    },
    "shape09194_rank04_14.png": {
        "K": [
            274.49688720703125,
            0.0,
            128.0,
            0.0,
            0.0,
            274.49688720703125,
            128.0,
            0.0,
            0.0,
            0.0,
            1.0,
            0.0,
            0.0,
            0.0,
            0.0,
            1.0
        ],
        "W2C": [
            -0.6374238513667906,
            -0.770513439543695,
            -9.416826196893852e-09,
            3.590513306613045e-08,
            -0.4487924917192879,
            0.3712732460679557,
            -0.8128600944938378,
            1.9460410239745736e-08,
            0.626319644701009,
            -0.5181364034711157,
            -0.5824590247683747,
            1.581139018527154,
            0.0,
            0.0,
            0.0,
            1.0
        ],
        "img_size": [
            256,
            256
        ]
    },
    "shape09194_rank04_77.png": {
        "K": [
            274.49688720703125,
            0.0,
            128.0,
            0.0,
            0.0,
            274.49688720703125,
            128.0,
            0.0,
            0.0,
            0.0,
            1.0,
            0.0,
            0.0,
            0.0,
            0.0,
            1.0
        ],
        "W2C": [
            -0.12533472576722132,
            0.9921146029097454,
            -3.478498122530439e-10,
            -1.0870809880254632e-08,
            0.5778661029873914,
            0.07300234586397718,
            -0.8128601050885751,
            4.4255586374616894e-08,
            -0.8064502758166316,
            -0.1018795905364778,
            -0.5824590335602985,
            1.5811388221215201,
            0.0,
            0.0,
            0.0,
            1.0
        ],
        "img_size": [
            256,
            256
        ]
    }
}