{
    "shape09167_rank03_7.png": {
        "K": [
            274.49688720703125,
            0.0,
            128.0,
            0.0,
            0.0,
            274.49688720703125,
            128.0,
            0.0,
            0.0,
            0.0,
            1.0,
            0.0,
            0.0,
            0.0,
            0.0,
            1.0
        ],
        "W2C": [
            -0.9048270357221491,
            -0.4257792934333315,
            -9.076428687973734e-10,
            -7.1999852403328496e-09,
            -0.24799901168392166,
            0.527024703726308,
            -0.812860092430104,
            4.703366343343507e-08,
            0.3460989844201236,
            -0.7354977485009765,
            -0.5824590512260303,
            1.5811388182445303,
            0.0,
            0.0,
            0.0,
            1.0
        ],
        "img_size": [
            256,
            256
        ]
    },
    "shape09167_rank03_94.png": {
        "K": [
            274.49688720703125,
            0.0,
            128.0,
            0.0,
            0.0,
            274.49688720703125,
            128.0,
            0.0,
            0.0,
            0.0,
            1.0,
            0.0,
            0.0,
            0.0,
            0.0,
            1.0
        ],
        "W2C": [
            -0.929777231228835,
            0.3681228006623544,
            -9.11387251173793e-09,
            7.62925278407166e-10,
            0.214416458952935,
            0.5415571504518402,
            -0.8128601150086244,
            3.350799681428175e-08,
            -0.29923232305508307,
            -0.7557788235535142,
            -0.5824590793208647,
            1.5811389989228202,
            0.0,
            0.0,
            0.0,
            1.0
        ],
        "img_size": [
            256,
            256
        ]
    },
    "shape09167_rank03_63.png": {
        "K": [
            274.49688720703125,
            0.0,
            128.0,
            0.0,
            0.0,
            274.49688720703125,
            128.0,
            0.0,
            0.0,
            0.0,
            1.0,
            0.0,
            0.0,
            0.0,
            0.0,
            1.0
        ],
        "W2C": [
            0.6845460907016847,
            0.7289696785806364,
            -2.9873669124152788e-09,
            6.01433336234891e-09,
            0.4245949297205005,
            -0.3987200131622762,
            -0.8128600916347877,
            5.0888563514803e-08,
            -0.5925502837448479,
            0.5564401277461815,
            -0.582458969153724,
            1.5811388128647577,
            0.0,
            0.0,
            0.0,
            1.0
        ],
        "img_size": [
            256,
            256
        ]
    },
    "shape09167_rank03_88.png": {
        "K": [
            274.49688720703125,
            0.0,
            128.0,
            0.0,
            0.0,
            274.49688720703125,
            128.0,
            0.0,
            0.0,
            0.0,
            1.0,
            0.0,
            0.0,
            0.0,
            0.0,
            1.0
        ],
        "W2C": [
            -0.7289698582234098,
            0.6845459512695043,
            1.6634536512742406e-08,
            -6.302676876112221e-08,
            0.3987199532782439,
            0.42459506398986846,
            -0.812860092065088,
            2.1078109414871166e-08,
            -0.5564400220213164,
            -0.5925504101637656,
            -0.5824590517354338,
            1.581138854467217,
            0.0,
            0.0,
            0.0,
            1.0
        ],
        "img_size": [
            256,
            256
        ]
    },
    "shape09167_rank03_36.png": {
        "K": [
            274.49688720703125,
            0.0,
            128.0,
            0.0,
            0.0,
            274.49688720703125,
            128.0,
            0.0,
            0.0,
            0.0,
            1.0,
            0.0,
            0.0,
            0.0,
            0.0,
            1.0
        ],
        "W2C": [
            0.6374245079731898,
            -0.7705128410819666,
            2.7459654657344104e-09,
            -2.611936258271118e-08,
            -0.44879217370191443,
            -0.3712736737939973,
            -0.8128601082893793,
            3.4621142589492515e-08,
            0.626319107174934,
            0.5181368896631005,
            -0.5824590290933652,
            1.5811388355670215,
            0.0,
            0.0,
            0.0,
            1.0
        ],
        "img_size": [
            256,
            256
        ]
    },
    "shape09167_rank03_8.png": {
        "K": [
            274.49688720703125,
            0.0,
            128.0,
            0.0,
            0.0,
            274.49688720703125,
            128.0,
            0.0,
            0.0,
            0.0,
            1.0,
            0.0,
            0.0,
            0.0,
            0.0,
            1.0
        ],
        "W2C": [
            -0.8763067031409152,
            -0.4817537080138236,
            1.9788867844626312e-09,
            -9.571619853029117e-09,
            -0.2806017847369543,
            0.5104127642399231,
            -0.8128600749112261,
            2.9546595127485374e-08,
            0.3915983455041309,
            -0.7123147637422024,
            -0.5824591352794356,
            1.5811390044512181,
            0.0,
            0.0,
            0.0,
            1.0
        ],
        "img_size": [
            256,
            256
        ]
    },
    "shape09167_rank03_74.png": {
        "K": [
            274.49688720703125,
            0.0,
            128.0,
            0.0,
            0.0,
            274.49688720703125,
            128.0,
            0.0,
            0.0,
            0.0,
            1.0,
            0.0,
            0.0,
            0.0,
            0.0,
            1.0
        ],
        "W2C": [
            0.06278910927610369,
            0.9980269064210897,
            6.811991627151022e-10,
            5.687396776243139e-10,
            0.581309740914935,
            -0.03657208059792319,
            -0.8128601004422401,
            1.7920237136598943e-08,
            -0.8112560997646421,
            0.051038751594721536,
            -0.5824590400445657,
            1.5811388588742377,
            0.0,
            0.0,
            0.0,
            1.0
        ],
        "img_size": [
            256,
            256
        ]
    },
    "shape09167_rank03_80.png": {
        "K": [
            274.49688720703125,
            0.0,
            128.0,
            0.0,
            0.0,
            274.49688720703125,
            128.0,
            0.0,
            0.0,
            0.0,
            1.0,
            0.0,
            0.0,
            0.0,
            0.0,
            1.0
        ],
        "W2C": [
            -0.30901851257955204,
            0.9510561278591205,
            -6.660802734964833e-09,
            -3.3742693038770976e-09,
            0.5539512132306406,
            0.1799906062405116,
            -0.8128601068425818,
            2.5113592157496176e-08,
            -0.7730754691949032,
            -0.25118876725363226,
            -0.5824590311124667,
            1.581138848835436,
            0.0,
            0.0,
            0.0,
            1.0
        ],
        "img_size": [
            256,
            256
        ]
    },
    "shape09167_rank03_84.png": {
        "K": [
            274.49688720703125,
            0.0,
            128.0,
            0.0,
            0.0,
            274.49688720703125,
            128.0,
            0.0,
            0.0,
            0.0,
            1.0,
            0.0,
            0.0,
            0.0,
            0.0,
            1.0
        ],
        "W2C": [
            -0.5358281750733905,
            0.8443269705486182,
            1.7203152808711434e-08,
            -2.864474614101904e-09,
            0.49178588909898185,
            0.31209797531173894,
            -0.8128600924498793,
            4.081325977938767e-08,
            -0.6863197215745608,
            -0.4355533279151593,
            -0.5824589680162091,
            1.5811388269255098,
            0.0,
            0.0,
            0.0,
            1.0
        ],
        "img_size": [
            256,
            256
        ]
    },
    "shape09167_rank03_2.png": {
        "K": [
            274.49688720703125,
            0.0,
            128.0,
            0.0,
            0.0,
            274.49688720703125,
            128.0,
            0.0,
            0.0,
            0.0,
            1.0,
            0.0,
            0.0,
            0.0,
            0.0,
            1.0
        ],
        "W2C": [
            -0.9921147936546806,
            -0.12533326073920534,
            -5.964270004598044e-09,
            2.9107071887985444e-09,
            -0.07300148852391894,
            0.5778662018946419,
            -0.8128600609323258,
            1.5955074636366744e-08,
            0.10187840675258857,
            -0.8064504122450135,
            -0.582459095183258,
            1.5811388616167514,
            0.0,
            0.0,
            0.0,
            1.0
        ],
        "img_size": [
            256,
            256
        ]
    },
    "shape09167_rank03_42.png": {
        "K": [
            274.49688720703125,
            0.0,
            128.0,
            0.0,
            0.0,
            274.49688720703125,
            128.0,
            0.0,
            0.0,
            0.0,
            1.0,
            0.0,
            0.0,
            0.0,
            0.0,
            1.0
        ],
        "W2C": [
            0.8763070782180564,
            -0.48175295225993303,
            -1.810689480990063e-08,
            -1.501527856106174e-08,
            -0.280601400384549,
            -0.510412984071495,
            -0.8128601115900953,
            1.708908895853185e-08,
            0.3915977642774649,
            0.7123150951812562,
            -0.5824590840916473,
            1.5811390218364925,
            0.0,
            0.0,
            0.0,
            1.0
        ],
        "img_size": [
            256,
            256
        ]
    },
    "shape09167_rank03_99.png": {
        "K": [
            274.49688720703125,
            0.0,
            128.0,
            0.0,
            0.0,
            274.49688720703125,
            128.0,
            0.0,
            0.0,
            0.0,
            1.0,
            0.0,
            0.0,
            0.0,
            0.0,
            1.0
        ],
        "W2C": [
            -0.9980268081598297,
            0.06278846219172812,
            -2.646834140464568e-10,
            -1.8516376225139373e-09,
            0.03657170742886868,
            0.581309776748296,
            -0.8128601083664947,
            3.96141417266353e-08,
            -0.05103823603556725,
            -0.811256232790557,
            -0.582459088590396,
            1.5811389904012911,
            0.0,
            0.0,
            0.0,
            1.0
        ],
        "img_size": [
            256,
            256
        ]
    },
    "shape09167_rank03_32.png": {
        "K": [
            274.49688720703125,
            0.0,
            128.0,
            0.0,
            0.0,
            274.49688720703125,
            128.0,
            0.0,
            0.0,
            0.0,
            1.0,
            0.0,
            0.0,
            0.0,
            0.0,
            1.0
        ],
        "W2C": [
            0.42577985726802525,
            -0.9048269316945114,
            -5.981930380726608e-09,
            1.5332604778233502e-08,
            -0.5270245546213933,
            -0.24799928256159268,
            -0.8128600809583708,
            2.468538846388337e-08,
            0.7354975943471107,
            0.3460993878262396,
            -0.5824589840533694,
            1.58113884943302,
            0.0,
            0.0,
            0.0,
            1.0
        ],
        "img_size": [
            256,
            256
        ]
    },
    "shape09167_rank03_82.png": {
        "K": [
            274.49688720703125,
            0.0,
            128.0,
            0.0,
            0.0,
            274.49688720703125,
            128.0,
            0.0,
            0.0,
            0.0,
            1.0,
            0.0,
            0.0,
            0.0,
            0.0,
            1.0
        ],
        "W2C": [
            -0.4257807696418209,
            0.9048263831763994,
            6.903675958628009e-09,
            -1.852618149809277e-08,
            0.5270243330478609,
            0.24799987989738784,
            -0.8128600792539086,
            3.5226303895774473e-08,
            -0.735497166822115,
            -0.3461001375035721,
            -0.5824590100096377,
            1.5811386729201828,
            0.0,
            0.0,
            0.0,
            1.0
        ],
        "img_size": [
            256,
            256
        ]
    },
    "shape09167_rank03_77.png": {
        "K": [
            274.49688720703125,
            0.0,
            128.0,
            0.0,
            0.0,
            274.49688720703125,
            128.0,
            0.0,
            0.0,
            0.0,
            1.0,
            0.0,
            0.0,
            0.0,
            0.0,
            1.0
        ],
        "W2C": [
            -0.12533472583069055,
            0.9921146029017273,
            -3.9369048575272583e-10,
            -1.0746371099975232e-08,
            0.577866092130292,
            0.07300234449239003,
            -0.8128601129301195,
            6.554218229549863e-08,
            -0.8064503431911287,
            -0.10187959904795876,
            -0.5824590822215558,
            1.581138954216996,
            0.0,
            0.0,
            0.0,
            1.0
        ],
        "img_size": [
            256,
            256
        ]
    },
    "shape09167_rank03_10.png": {
        "K": [
            274.49688720703125,
            0.0,
            128.0,
            0.0,
            0.0,
            274.49688720703125,
            128.0,
            0.0,
            0.0,
            0.0,
            1.0,
            0.0,
            0.0,
            0.0,
            0.0,
            1.0
        ],
        "W2C": [
            -0.8090170024017254,
            -0.587785320290958,
            2.0444142089965976e-08,
            -2.0446097933798967e-08,
            -0.3423608729177585,
            0.4712192718744909,
            -0.8128600932959811,
            1.9531555762432365e-08,
            0.47778716731398513,
            -0.6576176012026875,
            -0.5824590500176413,
            1.5811388566255355,
            0.0,
            0.0,
            0.0,
            1.0
        ],
        "img_size": [
            256,
            256
        ]
    },
    "shape09167_rank03_19.png": {
        "K": [
            274.49688720703125,
            0.0,
            128.0,
            0.0,
            0.0,
            274.49688720703125,
            128.0,
            0.0,
            0.0,
            0.0,
            1.0,
            0.0,
            0.0,
            0.0,
            0.0,
            1.0
        ],
        "W2C": [
            -0.3681243208640296,
            -0.9297766118108476,
            9.455987709574448e-09,
            -3.390014248754729e-08,
            -0.54155678667794,
            0.21441732897422863,
            -0.8128600905885991,
            -3.0355502037856585e-10,
            0.7557782197065438,
            -0.2992335541792556,
            -0.5824590537959715,
            1.581138884306741,
            0.0,
            0.0,
            0.0,
            1.0
        ],
        "img_size": [
            256,
            256
        ]
    },
    "shape09167_rank03_9.png": {
        "K": [
            274.49688720703125,
            0.0,
            128.0,
            0.0,
            0.0,
            274.49688720703125,
            128.0,
            0.0,
            0.0,
            0.0,
            1.0,
            0.0,
            0.0,
            0.0,
            0.0,
            1.0
        ],
        "W2C": [
            -0.8443279602573975,
            -0.5358269189958714,
            -1.3350824250030093e-09,
            3.901665078575223e-09,
            -0.3120972003310555,
            0.4917864200728743,
            -0.8128601013218195,
            1.8336075594626195e-08,
            0.43555223604120963,
            -0.6863203985496567,
            -0.5824590388170545,
            1.5811388582939077,
            0.0,
            0.0,
            0.0,
            1.0
        ],
        "img_size": [
            256,
            256
        ]
    },
    "shape09167_rank03_96.png": {
        "K": [
            274.49688720703125,
            0.0,
            128.0,
            0.0,
            0.0,
            274.49688720703125,
            128.0,
            0.0,
            0.0,
            0.0,
            1.0,
            0.0,
            0.0,
            0.0,
            0.0,
            1.0
        ],
        "W2C": [
            -0.9685838480637531,
            0.24868800879429895,
            -8.624279951629164e-09,
            8.160567152952927e-09,
            0.14485055395240115,
            0.5641603021297723,
            -0.8128600947872471,
            2.2344213683618778e-08,
            -0.2021485080874073,
            -0.7873229872888916,
            -0.5824589647542585,
            1.581138852700284,
            0.0,
            0.0,
            0.0,
            1.0
        ],
        "img_size": [
            256,
            256
        ]
    },
    "shape09167_rank03_12.png": {
        "K": [
            274.49688720703125,
            0.0,
            128.0,
            0.0,
            0.0,
            274.49688720703125,
            128.0,
            0.0,
            0.0,
            0.0,
            1.0,
            0.0,
            0.0,
            0.0,
            0.0,
            1.0
        ],
        "W2C": [
            -0.7289686199169526,
            -0.6845472280838478,
            6.258431723449151e-09,
            -3.66849386739692e-08,
            -0.39872069999741266,
            0.4245943337823407,
            -0.8128601007398262,
            1.2661655710665765e-09,
            0.5564411024099692,
            -0.5925494692610772,
            -0.5824590992339164,
            1.5811390439184276,
            0.0,
            0.0,
            0.0,
            1.0
        ],
        "img_size": [
            256,
            256
        ]
    },
    "shape09167_rank03_4.png": {
        "K": [
            274.49688720703125,
            0.0,
            128.0,
            0.0,
            0.0,
            274.49688720703125,
            128.0,
            0.0,
            0.0,
            0.0,
            1.0,
            0.0,
            0.0,
            0.0,
            0.0,
            1.0
        ],
        "W2C": [
            -0.9685832271883164,
            -0.2486898826779009,
            2.5392419564606522e-09,
            -1.5484709610173378e-08,
            -0.14485166586411719,
            0.5641600299539644,
            -0.8128601554949828,
            3.964250329966463e-08,
            0.2021500450106223,
            -0.7873225497175322,
            -0.5824589632148306,
            1.5811388285593817,
            0.0,
            0.0,
            0.0,
            1.0
        ],
        "img_size": [
            256,
            256
        ]
    },
    "shape09167_rank03_86.png": {
        "K": [
            274.49688720703125,
            0.0,
            128.0,
            0.0,
            0.0,
            274.49688720703125,
            128.0,
            0.0,
            0.0,
            0.0,
            1.0,
            0.0,
            0.0,
            0.0,
            0.0,
            1.0
        ],
        "W2C": [
            -0.6374253129282131,
            0.7705121897930092,
            -6.719379225650379e-09,
            -4.527025624900061e-08,
            0.4487918032153528,
            0.37127410311189113,
            -0.8128600964056665,
            1.5018767607825406e-08,
            -0.6263185575217639,
            -0.5181375282288878,
            -0.5824590456778705,
            1.581138862923431,
            0.0,
            0.0,
            0.0,
            1.0
        ],
        "img_size": [
            256,
            256
        ]
    },
    "shape09167_rank03_37.png": {
        "K": [
            274.49688720703125,
            0.0,
            128.0,
            0.0,
            0.0,
            274.49688720703125,
            128.0,
            0.0,
            0.0,
            0.0,
            1.0,
            0.0,
            0.0,
            0.0,
            0.0,
            1.0
        ],
        "W2C": [
            0.6845476662662756,
            -0.7289681778881676,
            1.8758792949479896e-09,
            8.518208238862446e-09,
            -0.4245940757022838,
            -0.39872098021005137,
            -0.8128600910684999,
            1.5006865175789847e-09,
            0.5925490659690162,
            0.5564414178737048,
            -0.5824590531262387,
            1.5811388817888041,
            0.0,
            0.0,
            0.0,
            1.0
        ],
        "img_size": [
            256,
            256
        ]
    },
    "shape09167_rank03_49.png": {
        "K": [
            274.49688720703125,
            0.0,
            128.0,
            0.0,
            0.0,
            274.49688720703125,
            128.0,
            0.0,
            0.0,
            0.0,
            1.0,
            0.0,
            0.0,
            0.0,
            0.0,
            1.0
        ],
        "W2C": [
            0.9980268558055383,
            -0.06278951147146977,
            -2.1748321541905573e-09,
            3.775662539095471e-09,
            -0.036572317643413246,
            -0.5813097597800466,
            -0.8128601083522916,
            3.237318533359379e-08,
            0.05103907921575472,
            0.8112561262929445,
            -0.5824590290055669,
            1.581138838704195,
            0.0,
            0.0,
            0.0,
            1.0
        ],
        "img_size": [
            256,
            256
        ]
    },
    "shape09167_rank03_76.png": {
        "K": [
            274.49688720703125,
            0.0,
            128.0,
            0.0,
            0.0,
            274.49688720703125,
            128.0,
            0.0,
            0.0,
            0.0,
            1.0,
            0.0,
            0.0,
            0.0,
            0.0,
            1.0
        ],
        "W2C": [
            -0.06279199147674303,
            0.9980267224956239,
            1.9304732512667527e-09,
            -1.710020453726056e-09,
            0.581309618479136,
            0.036573760412429046,
            -0.8128601052687658,
            4.701934419402565e-08,
            -0.8112559885852304,
            -0.05104109643780882,
            -0.5824589501266064,
            1.581138818264509,
            0.0,
            0.0,
            0.0,
            1.0
        ],
        "img_size": [
            256,
            256
        ]
    },
    "shape09167_rank03_75.png": {
        "K": [
            274.49688720703125,
            0.0,
            128.0,
            0.0,
            0.0,
            274.49688720703125,
            128.0,
            0.0,
            0.0,
            0.0,
            1.0,
            0.0,
            0.0,
            0.0,
            0.0,
            1.0
        ],
        "W2C": [
            -1.442436720303373e-06,
            1.000000119207223,
            3.615144092380254e-14,
            8.26549523280734e-14,
            0.5824590769297201,
            8.40160290583322e-07,
            -0.812860074011124,
            -6.914128446364282e-09,
            -0.8128600740094328,
            -1.1724991214545857e-06,
            -0.582459076930932,
            1.5811388935322335,
            0.0,
            0.0,
            0.0,
            1.0
        ],
        "img_size": [
            256,
            256
        ]
    },
    "shape09167_rank03_31.png": {
        "K": [
            274.49688720703125,
            0.0,
            128.0,
            0.0,
            0.0,
            274.49688720703125,
            128.0,
            0.0,
            0.0,
            0.0,
            1.0,
            0.0,
            0.0,
            0.0,
            0.0,
            1.0
        ],
        "W2C": [
            0.36812504868993356,
            -0.9297763502770066,
            4.826411483928986e-09,
            -3.1833895784287614e-08,
            -0.5415565956077595,
            -0.21441773432782046,
            -0.8128601040724192,
            3.145742440066754e-08,
            0.7557780178922798,
            0.299234118032246,
            -0.5824589517961873,
            1.5811388399821964,
            0.0,
            0.0,
            0.0,
            1.0
        ],
        "img_size": [
            256,
            256
        ]
    },
    "shape09167_rank03_25.png": {
        "K": [
            274.49688720703125,
            0.0,
            128.0,
            0.0,
            0.0,
            274.49688720703125,
            128.0,
            0.0,
            0.0,
            0.0,
            1.0,
            0.0,
            0.0,
            0.0,
            0.0,
            1.0
        ],
        "W2C": [
            4.013392907141028e-07,
            -1.0000001192091426,
            5.425259382243522e-15,
            1.5824269505959226e-14,
            -0.5824590657678546,
            -2.337636991005994e-07,
            -0.8128600820100175,
            1.4799605827545996e-08,
            0.8128601416145409,
            3.262326754136692e-07,
            -0.5824591253726027,
            1.5811390250316169,
            0.0,
            0.0,
            0.0,
            1.0
        ],
        "img_size": [
            256,
            256
        ]
    },
    "shape09167_rank03_39.png": {
        "K": [
            274.49688720703125,
            0.0,
            128.0,
            0.0,
            0.0,
            274.49688720703125,
            128.0,
            0.0,
            0.0,
            0.0,
            1.0,
            0.0,
            0.0,
            0.0,
            0.0,
            1.0
        ],
        "W2C": [
            0.7705137717682821,
            -0.6374234471551661,
            3.78319733880454e-10,
            -2.5867904503554304e-08,
            -0.37127305729599064,
            -0.4487926889153372,
            -0.8128600950956619,
            1.342744707585396e-08,
            0.5181360490116319,
            0.626319809881907,
            -0.5824590475060683,
            1.5811388651442226,
            0.0,
            0.0,
            0.0,
            1.0
        ],
        "img_size": [
            256,
            256
        ]
    },
    "shape09167_rank03_98.png": {
        "K": [
            274.49688720703125,
            0.0,
            128.0,
            0.0,
            0.0,
            274.49688720703125,
            128.0,
            0.0,
            0.0,
            0.0,
            1.0,
            0.0,
            0.0,
            0.0,
            0.0,
            1.0
        ],
        "W2C": [
            -0.9921150120160301,
            0.1253312145602998,
            -4.117101407996537e-09,
            3.747327284869062e-09,
            0.07300029925005787,
            0.5778663013559592,
            -0.8128601021113788,
            3.344258005718191e-08,
            -0.10187674590199736,
            -0.8064506951156396,
            -0.5824590141375915,
            1.5811389990141103,
            0.0,
            0.0,
            0.0,
            1.0
        ],
        "img_size": [
            256,
            256
        ]
    },
    "shape09167_rank03_45.png": {
        "K": [
            274.49688720703125,
            0.0,
            128.0,
            0.0,
            0.0,
            274.49688720703125,
            128.0,
            0.0,
            0.0,
            0.0,
            1.0,
            0.0,
            0.0,
            0.0,
            0.0,
            1.0
        ],
        "W2C": [
            0.9510569300890541,
            -0.3090161966275853,
            -4.101060066489984e-09,
            -2.2976356120365037e-08,
            -0.17998926056647768,
            -0.5539516696084554,
            -0.8128601097181818,
            2.3215441666268964e-08,
            0.25118686494565634,
            0.773076114005877,
            -0.5824590270993769,
            1.581138851484431,
            0.0,
            0.0,
            0.0,
            1.0
        ],
        "img_size": [
            256,
            256
        ]
    },
    "shape09167_rank03_53.png": {
        "K": [
            274.49688720703125,
            0.0,
            128.0,
            0.0,
            0.0,
            274.49688720703125,
            128.0,
            0.0,
            0.0,
            0.0,
            1.0,
            0.0,
            0.0,
            0.0,
            0.0,
            1.0
        ],
        "W2C": [
            0.98228715481888,
            0.18738242768417718,
            -6.017907195469899e-10,
            1.20026370077165e-10,
            0.10914257939973875,
            -0.5721419821984748,
            -0.8128601009851012,
            -3.8018361992926e-09,
            -0.15231567106156843,
            0.7984618875634273,
            -0.5824590392869672,
            1.5811388891888243,
            0.0,
            0.0,
            0.0,
            1.0
        ],
        "img_size": [
            256,
            256
        ]
    },
    "shape09167_rank03_66.png": {
        "K": [
            274.49688720703125,
            0.0,
            128.0,
            0.0,
            0.0,
            274.49688720703125,
            128.0,
            0.0,
            0.0,
            0.0,
            1.0,
            0.0,
            0.0,
            0.0,
            0.0,
            1.0
        ],
        "W2C": [
            0.5358258261054799,
            0.8443286194419157,
            -7.49931410857499e-09,
            -1.0786091220535835e-08,
            0.4917868352065461,
            -0.3120965744850913,
            -0.8128600963515514,
            3.0348271119115006e-08,
            -0.6863209778960873,
            0.4355513626318717,
            -0.5824590457533918,
            1.5811388415300962,
            0.0,
            0.0,
            0.0,
            1.0
        ],
        "img_size": [
            256,
            256
        ]
    },
    "shape09167_rank03_30.png": {
        "K": [
            274.49688720703125,
            0.0,
            128.0,
            0.0,
            0.0,
            274.49688720703125,
            128.0,
            0.0,
            0.0,
            0.0,
            1.0,
            0.0,
            0.0,
            0.0,
            0.0,
            1.0
        ],
        "W2C": [
            0.3090175410302256,
            -0.9510564456978303,
            -9.902400385324053e-09,
            1.5105617494684873e-08,
            -0.5539513874137688,
            -0.1799900683167446,
            -0.812860066855657,
            2.1569682485972036e-08,
            0.7730756331679827,
            0.25118799084075955,
            -0.5824590273122143,
            1.5811386919788977,
            0.0,
            0.0,
            0.0,
            1.0
        ],
        "img_size": [
            256,
            256
        ]
    },
    "shape09167_rank03_29.png": {
        "K": [
            274.49688720703125,
            0.0,
            128.0,
            0.0,
            0.0,
            274.49688720703125,
            128.0,
            0.0,
            0.0,
            0.0,
            1.0,
            0.0,
            0.0,
            0.0,
            0.0,
            1.0
        ],
        "W2C": [
            0.24869035931996647,
            -0.9685830343289252,
            -7.521672241259321e-09,
            1.2166810005324664e-08,
            -0.5641599606514269,
            -0.14485193957543757,
            -0.8128601017107393,
            3.7064486263793194e-08,
            0.7873225272078745,
            0.20215047245889473,
            -0.5824590978789429,
            1.581138993959504,
            0.0,
            0.0,
            0.0,
            1.0
        ],
        "img_size": [
            256,
            256
        ]
    },
    "shape09167_rank03_18.png": {
        "K": [
            274.49688720703125,
            0.0,
            128.0,
            0.0,
            0.0,
            274.49688720703125,
            128.0,
            0.0,
            0.0,
            0.0,
            1.0,
            0.0,
            0.0,
            0.0,
            0.0,
            1.0
        ],
        "W2C": [
            -0.42577908426810707,
            -0.9048272007582961,
            -4.553126437279712e-09,
            2.5368821871033043e-08,
            -0.5270247861287076,
            0.2479988778951384,
            -0.8128600820931476,
            2.5982608352763685e-08,
            0.7354978634989623,
            -0.34609879770904883,
            -0.582459065651935,
            1.5811388476226667,
            0.0,
            0.0,
            0.0,
            1.0
        ],
        "img_size": [
            256,
            256
        ]
    },
    "shape09167_rank03_83.png": {
        "K": [
            274.49688720703125,
            0.0,
            128.0,
            0.0,
            0.0,
            274.49688720703125,
            128.0,
            0.0,
            0.0,
            0.0,
            1.0,
            0.0,
            0.0,
            0.0,
            0.0,
            1.0
        ],
        "W2C": [
            -0.48175521119701475,
            0.876305984395101,
            -7.813397689278619e-09,
            1.4046918820861982e-09,
            0.5104123091618931,
            0.2806026402376109,
            -0.81286007669883,
            4.3162570560009205e-08,
            -0.7123140434328084,
            -0.3915995217571042,
            -0.5824590731800611,
            1.5811388236468957,
            0.0,
            0.0,
            0.0,
            1.0
        ],
        "img_size": [
            256,
            256
        ]
    },
    "shape09167_rank03_17.png": {
        "K": [
            274.49688720703125,
            0.0,
            128.0,
            0.0,
            0.0,
            274.49688720703125,
            128.0,
            0.0,
            0.0,
            0.0,
            1.0,
            0.0,
            0.0,
            0.0,
            0.0,
            1.0
        ],
        "W2C": [
            -0.4817535450934103,
            -0.8763068150223194,
            -1.4387993093887771e-08,
            2.2107724885275655e-09,
            -0.5104127551893403,
            0.28060168770450133,
            -0.8128600956369405,
            4.73906187235843e-08,
            0.7123147427751182,
            -0.39159817631162114,
            -0.582458963568455,
            1.5811388177463708,
            0.0,
            0.0,
            0.0,
            1.0
        ],
        "img_size": [
            256,
            256
        ]
    },
    "shape09167_rank03_38.png": {
        "K": [
            274.49688720703125,
            0.0,
            128.0,
            0.0,
            0.0,
            274.49688720703125,
            128.0,
            0.0,
            0.0,
            0.0,
            1.0,
            0.0,
            0.0,
            0.0,
            0.0,
            1.0
        ],
        "W2C": [
            0.7289691998182802,
            -0.6845466353448711,
            -1.899476292299377e-09,
            2.8759660351082105e-10,
            -0.39872034420113095,
            -0.42459463705452655,
            -0.8128600916148726,
            5.07837333529029e-08,
            0.55644058973278,
            0.5925498753101404,
            -0.5824589691815169,
            1.581138813011055,
            0.0,
            0.0,
            0.0,
            1.0
        ],
        "img_size": [
            256,
            256
        ]
    },
    "shape09167_rank03_89.png": {
        "K": [
            274.49688720703125,
            0.0,
            128.0,
            0.0,
            0.0,
            274.49688720703125,
            128.0,
            0.0,
            0.0,
            0.0,
            1.0,
            0.0,
            0.0,
            0.0,
            0.0,
            1.0
        ],
        "W2C": [
            -0.7705144239940237,
            0.6374226286147516,
            6.354661443022799e-09,
            9.073612512967747e-10,
            0.37127255734923753,
            0.4487931077166255,
            -0.8128600961073261,
            1.0900183099184653e-08,
            -0.5181353710151685,
            -0.6263203780394329,
            -0.5824590460942242,
            1.5811388686711862,
            0.0,
            0.0,
            0.0,
            1.0
        ],
        "img_size": [
            256,
            256
        ]
    }
}