{
    "shape09113_rank00_17.png": {
        "K": [
            274.49688720703125,
            0.0,
            128.0,
            0.0,
            0.0,
            274.49688720703125,
            128.0,
            0.0,
            0.0,
            0.0,
            1.0,
            0.0,
            0.0,
            0.0,
            0.0,
            1.0
        ],
        "W2C": [
            -0.4817535450934103,
            -0.8763068150223194,
            -1.4387993093887771e-08,
            2.2107724885275655e-09,
            -0.5104127551893403,
            0.28060168770450133,
            -0.8128600956369405,
            4.73906187235843e-08,
            0.7123147427751182,
            -0.39159817631162114,
            -0.582458963568455,
            1.5811388177463708,
            0.0,
            0.0,
            0.0,
            1.0
        ],
        "img_size": [
            256,
            256
        ]
    },
    "shape09113_rank00_40.png": {
        "K": [
            274.49688720703125,
            0.0,
            128.0,
            0.0,
            0.0,
            274.49688720703125,
            128.0,
            0.0,
            0.0,
            0.0,
            1.0,
            0.0,
            0.0,
            0.0,
            0.0,
            1.0
        ],
        "W2C": [
            0.8090175161710582,
            -0.5877846945269853,
            1.508945330520244e-09,
            -5.64990346613539e-08,
            -0.34236048881858105,
            -0.4712195118546107,
            -0.8128601063655266,
            2.0852584964276877e-08,
            0.47778668017146064,
            0.6576180034066327,
            -0.5824590913828794,
            1.5811390165842858,
            0.0,
            0.0,
            0.0,
            1.0
        ],
        "img_size": [
            256,
            256
        ]
    },
    "shape09113_rank00_28.png": {
        "K": [
            274.49688720703125,
            0.0,
            128.0,
            0.0,
            0.0,
            274.49688720703125,
            128.0,
            0.0,
            0.0,
            0.0,
            1.0,
            0.0,
            0.0,
            0.0,
            0.0,
            1.0
        ],
        "W2C": [
            0.18738179364023655,
            -0.9822872135008003,
            7.647749689294527e-09,
            -9.329616592077696e-09,
            -0.5721420427333147,
            -0.10914222139281657,
            -0.8128601125113811,
            3.6226937222195404e-08,
            0.7984619744407028,
            0.1523151588742652,
            -0.5824590232012832,
            1.5811388333260297,
            0.0,
            0.0,
            0.0,
            1.0
        ],
        "img_size": [
            256,
            256
        ]
    },
    "shape09113_rank00_93.png": {
        "K": [
            274.49688720703125,
            0.0,
            128.0,
            0.0,
            0.0,
            274.49688720703125,
            128.0,
            0.0,
            0.0,
            0.0,
            1.0,
            0.0,
            0.0,
            0.0,
            0.0,
            1.0
        ],
        "W2C": [
            -0.904827977203659,
            0.42577765768270215,
            1.4217856643102508e-08,
            1.086777494862232e-08,
            0.24799802569178178,
            0.5270251951740412,
            -0.8128600700529446,
            3.879154692363672e-08,
            -0.3460976315514191,
            -0.735498423455965,
            -0.5824590824548326,
            1.5811388297469482,
            0.0,
            0.0,
            0.0,
            1.0
        ],
        "img_size": [
            256,
            256
        ]
    },
    "shape09113_rank00_60.png": {
        "K": [
            274.49688720703125,
            0.0,
            128.0,
            0.0,
            0.0,
            274.49688720703125,
            128.0,
            0.0,
            0.0,
            0.0,
            1.0,
            0.0,
            0.0,
            0.0,
            0.0,
            1.0
        ],
        "W2C": [
            0.8090162579571988,
            0.5877863161142688,
            -5.114347590615143e-09,
            -2.0498701720783892e-08,
            0.3423614461512557,
            -0.47121885253091306,
            -0.8128600983370816,
            2.7603157414010454e-08,
            -0.4777879879963911,
            0.6576170009436307,
            -0.5824590429824534,
            1.5811388453610835,
            0.0,
            0.0,
            0.0,
            1.0
        ],
        "img_size": [
            256,
            256
        ]
    },
    "shape09113_rank00_51.png": {
        "K": [
            274.49688720703125,
            0.0,
            128.0,
            0.0,
            0.0,
            274.49688720703125,
            128.0,
            0.0,
            0.0,
            0.0,
            1.0,
            0.0,
            0.0,
            0.0,
            0.0,
            1.0
        ],
        "W2C": [
            0.9980267145358318,
            0.06279158040373187,
            -1.8167414963562176e-09,
            -4.391962433367923e-09,
            0.03657351764487663,
            -0.5813096364721144,
            -0.8128600882371976,
            4.692106154131931e-08,
            -0.05104076028015356,
            0.8112559538069932,
            -0.5824590570775079,
            1.5811388184016737,
            0.0,
            0.0,
            0.0,
            1.0
        ],
        "img_size": [
            256,
            256
        ]
    },
    "shape09113_rank00_16.png": {
        "K": [
            274.49688720703125,
            0.0,
            128.0,
            0.0,
            0.0,
            274.49688720703125,
            128.0,
            0.0,
            0.0,
            0.0,
            1.0,
            0.0,
            0.0,
            0.0,
            0.0,
            1.0
        ],
        "W2C": [
            -0.5358267131956046,
            -0.8443280473054297,
            6.5171438795310345e-09,
            -5.445352715090135e-08,
            -0.49178642965598,
            0.3120970929136545,
            -0.8128600868712487,
            2.576227939486159e-08,
            0.6863206027155527,
            -0.43555220721342364,
            -0.5824590950108598,
            1.5811391715348422,
            0.0,
            0.0,
            0.0,
            1.0
        ],
        "img_size": [
            256,
            256
        ]
    },
    "shape09113_rank00_14.png": {
        "K": [
            274.49688720703125,
            0.0,
            128.0,
            0.0,
            0.0,
            274.49688720703125,
            128.0,
            0.0,
            0.0,
            0.0,
            1.0,
            0.0,
            0.0,
            0.0,
            0.0,
            1.0
        ],
        "W2C": [
            -0.6374238563352324,
            -0.7705134354334445,
            -4.796320077467193e-09,
            2.3362340778328494e-08,
            -0.44879249145029,
            0.3712732458454214,
            -0.8128600947439979,
            2.0139493205959635e-08,
            0.626319580232582,
            -0.5181363501382222,
            -0.5824589648146157,
            1.5811388557771173,
            0.0,
            0.0,
            0.0,
            1.0
        ],
        "img_size": [
            256,
            256
        ]
    },
    "shape09113_rank00_7.png": {
        "K": [
            274.49688720703125,
            0.0,
            128.0,
            0.0,
            0.0,
            274.49688720703125,
            128.0,
            0.0,
            0.0,
            0.0,
            1.0,
            0.0,
            0.0,
            0.0,
            0.0,
            1.0
        ],
        "W2C": [
            -0.9048270357221491,
            -0.4257792934333315,
            -9.076428687973734e-10,
            -7.1999852403328496e-09,
            -0.24799901168392166,
            0.527024703726308,
            -0.812860092430104,
            4.703366343343507e-08,
            0.3460989844201236,
            -0.7354977485009765,
            -0.5824590512260303,
            1.5811388182445303,
            0.0,
            0.0,
            0.0,
            1.0
        ],
        "img_size": [
            256,
            256
        ]
    },
    "shape09113_rank00_80.png": {
        "K": [
            274.49688720703125,
            0.0,
            128.0,
            0.0,
            0.0,
            274.49688720703125,
            128.0,
            0.0,
            0.0,
            0.0,
            1.0,
            0.0,
            0.0,
            0.0,
            0.0,
            1.0
        ],
        "W2C": [
            -0.30901851257955204,
            0.9510561278591205,
            -6.660802734964833e-09,
            -3.3742693038770976e-09,
            0.5539512132306406,
            0.1799906062405116,
            -0.8128601068425818,
            2.5113592157496176e-08,
            -0.7730754691949032,
            -0.25118876725363226,
            -0.5824590311124667,
            1.581138848835436,
            0.0,
            0.0,
            0.0,
            1.0
        ],
        "img_size": [
            256,
            256
        ]
    },
    "shape09113_rank00_89.png": {
        "K": [
            274.49688720703125,
            0.0,
            128.0,
            0.0,
            0.0,
            274.49688720703125,
            128.0,
            0.0,
            0.0,
            0.0,
            1.0,
            0.0,
            0.0,
            0.0,
            0.0,
            1.0
        ],
        "W2C": [
            -0.7705144239940237,
            0.6374226286147516,
            6.354661443022799e-09,
            9.073612512967747e-10,
            0.37127255734923753,
            0.4487931077166255,
            -0.8128600961073261,
            1.0900183099184653e-08,
            -0.5181353710151685,
            -0.6263203780394329,
            -0.5824590460942242,
            1.5811388686711862,
            0.0,
            0.0,
            0.0,
            1.0
        ],
        "img_size": [
            256,
            256
        ]
    },
    "shape09113_rank00_25.png": {
        "K": [
            274.49688720703125,
            0.0,
            128.0,
            0.0,
            0.0,
            274.49688720703125,
            128.0,
            0.0,
            0.0,
            0.0,
            1.0,
            0.0,
            0.0,
            0.0,
            0.0,
            1.0
        ],
        "W2C": [
            4.013392907141028e-07,
            -1.0000001192091426,
            5.425259382243522e-15,
            1.5824269505959226e-14,
            -0.5824590657678546,
            -2.337636991005994e-07,
            -0.8128600820100175,
            1.4799605827545996e-08,
            0.8128601416145409,
            3.262326754136692e-07,
            -0.5824591253726027,
            1.5811390250316169,
            0.0,
            0.0,
            0.0,
            1.0
        ],
        "img_size": [
            256,
            256
        ]
    },
    "shape09113_rank00_42.png": {
        "K": [
            274.49688720703125,
            0.0,
            128.0,
            0.0,
            0.0,
            274.49688720703125,
            128.0,
            0.0,
            0.0,
            0.0,
            1.0,
            0.0,
            0.0,
            0.0,
            0.0,
            1.0
        ],
        "W2C": [
            0.8763070782180564,
            -0.48175295225993303,
            -1.810689480990063e-08,
            -1.501527856106174e-08,
            -0.280601400384549,
            -0.510412984071495,
            -0.8128601115900953,
            1.708908895853185e-08,
            0.3915977642774649,
            0.7123150951812562,
            -0.5824590840916473,
            1.5811390218364925,
            0.0,
            0.0,
            0.0,
            1.0
        ],
        "img_size": [
            256,
            256
        ]
    },
    "shape09113_rank00_54.png": {
        "K": [
            274.49688720703125,
            0.0,
            128.0,
            0.0,
            0.0,
            274.49688720703125,
            128.0,
            0.0,
            0.0,
            0.0,
            1.0,
            0.0,
            0.0,
            0.0,
            0.0,
            1.0
        ],
        "W2C": [
            0.9685829454955738,
            0.24869100802903427,
            6.783617733513624e-09,
            -3.7331866614407385e-09,
            0.14485232742916704,
            -0.5641598639116251,
            -0.8128601160880673,
            6.471340848463147e-08,
            -0.2021509889549741,
            0.7873223985633861,
            -0.5824590778144308,
            1.5811389553736046,
            0.0,
            0.0,
            0.0,
            1.0
        ],
        "img_size": [
            256,
            256
        ]
    },
    "shape09113_rank00_84.png": {
        "K": [
            274.49688720703125,
            0.0,
            128.0,
            0.0,
            0.0,
            274.49688720703125,
            128.0,
            0.0,
            0.0,
            0.0,
            1.0,
            0.0,
            0.0,
            0.0,
            0.0,
            1.0
        ],
        "W2C": [
            -0.5358281750733905,
            0.8443269705486182,
            1.7203152808711434e-08,
            -2.864474614101904e-09,
            0.49178588909898185,
            0.31209797531173894,
            -0.8128600924498793,
            4.081325977938767e-08,
            -0.6863197215745608,
            -0.4355533279151593,
            -0.5824589680162091,
            1.5811388269255098,
            0.0,
            0.0,
            0.0,
            1.0
        ],
        "img_size": [
            256,
            256
        ]
    },
    "shape09113_rank00_74.png": {
        "K": [
            274.49688720703125,
            0.0,
            128.0,
            0.0,
            0.0,
            274.49688720703125,
            128.0,
            0.0,
            0.0,
            0.0,
            1.0,
            0.0,
            0.0,
            0.0,
            0.0,
            1.0
        ],
        "W2C": [
            0.06278910927610369,
            0.9980269064210897,
            6.811991627151022e-10,
            5.687396776243139e-10,
            0.581309740914935,
            -0.03657208059792319,
            -0.8128601004422401,
            1.7920237136598943e-08,
            -0.8112560997646421,
            0.051038751594721536,
            -0.5824590400445657,
            1.5811388588742377,
            0.0,
            0.0,
            0.0,
            1.0
        ],
        "img_size": [
            256,
            256
        ]
    },
    "shape09113_rank00_11.png": {
        "K": [
            274.49688720703125,
            0.0,
            128.0,
            0.0,
            0.0,
            274.49688720703125,
            128.0,
            0.0,
            0.0,
            0.0,
            1.0,
            0.0,
            0.0,
            0.0,
            0.0,
            1.0
        ],
        "W2C": [
            -0.7705132166900995,
            -0.6374241109259108,
            -2.4318582360859743e-08,
            7.245449817650141e-09,
            -0.37127338873647503,
            0.448792353481735,
            -0.8128600869551275,
            6.7562176793080565e-09,
            0.518136641998862,
            -0.6263194191666589,
            -0.5824590352891428,
            1.5811390362566957,
            0.0,
            0.0,
            0.0,
            1.0
        ],
        "img_size": [
            256,
            256
        ]
    },
    "shape09113_rank00_57.png": {
        "K": [
            274.49688720703125,
            0.0,
            128.0,
            0.0,
            0.0,
            274.49688720703125,
            128.0,
            0.0,
            0.0,
            0.0,
            1.0,
            0.0,
            0.0,
            0.0,
            0.0,
            1.0
        ],
        "W2C": [
            0.9048267142150381,
            0.4257804833841132,
            -1.1619933965503656e-09,
            4.6452109978014075e-09,
            0.24799965429097037,
            -0.5270243985032472,
            -0.8128600920043638,
            9.303283114440515e-09,
            -0.34609988122066093,
            0.7354973225420558,
            -0.5824590518201788,
            1.5811388708997656,
            0.0,
            0.0,
            0.0,
            1.0
        ],
        "img_size": [
            256,
            256
        ]
    },
    "shape09113_rank00_33.png": {
        "K": [
            274.49688720703125,
            0.0,
            128.0,
            0.0,
            0.0,
            274.49688720703125,
            128.0,
            0.0,
            0.0,
            0.0,
            1.0,
            0.0,
            0.0,
            0.0,
            0.0,
            1.0
        ],
        "W2C": [
            0.48175425996242255,
            -0.8763063536640329,
            -2.6549185163790952e-09,
            3.365230167448035e-08,
            -0.5104125808642873,
            -0.28060214388652716,
            -0.8128601129068623,
            3.0529160148491076e-08,
            0.7123145078293768,
            0.39159884672110873,
            -0.5824590822540127,
            1.5811390030799837,
            0.0,
            0.0,
            0.0,
            1.0
        ],
        "img_size": [
            256,
            256
        ]
    },
    "shape09113_rank00_97.png": {
        "K": [
            274.49688720703125,
            0.0,
            128.0,
            0.0,
            0.0,
            274.49688720703125,
            128.0,
            0.0,
            0.0,
            0.0,
            1.0,
            0.0,
            0.0,
            0.0,
            0.0,
            1.0
        ],
        "W2C": [
            -0.9822876071239786,
            0.1873793469379107,
            -8.007321355816737e-09,
            7.86440262433534e-09,
            0.10914080267015028,
            0.5721423342508937,
            -0.8128601210709441,
            1.825273930929369e-08,
            -0.15231317895316687,
            -0.7984623812726885,
            -0.582459011255848,
            1.5811388584102088,
            0.0,
            0.0,
            0.0,
            1.0
        ],
        "img_size": [
            256,
            256
        ]
    },
    "shape09113_rank00_39.png": {
        "K": [
            274.49688720703125,
            0.0,
            128.0,
            0.0,
            0.0,
            274.49688720703125,
            128.0,
            0.0,
            0.0,
            0.0,
            1.0,
            0.0,
            0.0,
            0.0,
            0.0,
            1.0
        ],
        "W2C": [
            0.7705137717682821,
            -0.6374234471551661,
            3.78319733880454e-10,
            -2.5867904503554304e-08,
            -0.37127305729599064,
            -0.4487926889153372,
            -0.8128600950956619,
            1.342744707585396e-08,
            0.5181360490116319,
            0.626319809881907,
            -0.5824590475060683,
            1.5811388651442226,
            0.0,
            0.0,
            0.0,
            1.0
        ],
        "img_size": [
            256,
            256
        ]
    },
    "shape09113_rank00_37.png": {
        "K": [
            274.49688720703125,
            0.0,
            128.0,
            0.0,
            0.0,
            274.49688720703125,
            128.0,
            0.0,
            0.0,
            0.0,
            1.0,
            0.0,
            0.0,
            0.0,
            0.0,
            1.0
        ],
        "W2C": [
            0.6845476662662756,
            -0.7289681778881676,
            1.8758792949479896e-09,
            8.518208238862446e-09,
            -0.4245940757022838,
            -0.39872098021005137,
            -0.8128600910684999,
            1.5006865175789847e-09,
            0.5925490659690162,
            0.5564414178737048,
            -0.5824590531262387,
            1.5811388817888041,
            0.0,
            0.0,
            0.0,
            1.0
        ],
        "img_size": [
            256,
            256
        ]
    },
    "shape09113_rank00_75.png": {
        "K": [
            274.49688720703125,
            0.0,
            128.0,
            0.0,
            0.0,
            274.49688720703125,
            128.0,
            0.0,
            0.0,
            0.0,
            1.0,
            0.0,
            0.0,
            0.0,
            0.0,
            1.0
        ],
        "W2C": [
            -1.442436720303373e-06,
            1.000000119207223,
            3.615144092380254e-14,
            8.26549523280734e-14,
            0.5824590769297201,
            8.40160290583322e-07,
            -0.812860074011124,
            -6.914128446364282e-09,
            -0.8128600740094328,
            -1.1724991214545857e-06,
            -0.582459076930932,
            1.5811388935322335,
            0.0,
            0.0,
            0.0,
            1.0
        ],
        "img_size": [
            256,
            256
        ]
    },
    "shape09113_rank00_3.png": {
        "K": [
            274.49688720703125,
            0.0,
            128.0,
            0.0,
            0.0,
            274.49688720703125,
            128.0,
            0.0,
            0.0,
            0.0,
            1.0,
            0.0,
            0.0,
            0.0,
            0.0,
            1.0
        ],
        "W2C": [
            -0.9822873859384443,
            -0.18738135162775346,
            4.049747015168255e-09,
            2.2504460872698825e-09,
            -0.1091419622528081,
            0.5721420947295118,
            -0.8128601047680245,
            2.270966708124126e-08,
            0.1523147972272832,
            -0.7984620470048209,
            -0.5824590340076483,
            1.5811388521902723,
            0.0,
            0.0,
            0.0,
            1.0
        ],
        "img_size": [
            256,
            256
        ]
    },
    "shape09113_rank00_77.png": {
        "K": [
            274.49688720703125,
            0.0,
            128.0,
            0.0,
            0.0,
            274.49688720703125,
            128.0,
            0.0,
            0.0,
            0.0,
            1.0,
            0.0,
            0.0,
            0.0,
            0.0,
            1.0
        ],
        "W2C": [
            -0.12533472583069055,
            0.9921146029017273,
            -3.9369048575272583e-10,
            -1.0746371099975232e-08,
            0.577866092130292,
            0.07300234449239003,
            -0.8128601129301195,
            6.554218229549863e-08,
            -0.8064503431911287,
            -0.10187959904795876,
            -0.5824590822215558,
            1.581138954216996,
            0.0,
            0.0,
            0.0,
            1.0
        ],
        "img_size": [
            256,
            256
        ]
    },
    "shape09113_rank00_79.png": {
        "K": [
            274.49688720703125,
            0.0,
            128.0,
            0.0,
            0.0,
            274.49688720703125,
            128.0,
            0.0,
            0.0,
            0.0,
            1.0,
            0.0,
            0.0,
            0.0,
            0.0,
            1.0
        ],
        "W2C": [
            -0.24869140565048845,
            0.9685828669627318,
            9.159936486603468e-10,
            1.3886881802982847e-09,
            0.5641598166073022,
            0.14485254384147372,
            -0.8128600678680025,
            3.886223539732024e-09,
            -0.7873222487970476,
            -0.20215128267567906,
            -0.5824590855040638,
            1.5811388784596296,
            0.0,
            0.0,
            0.0,
            1.0
        ],
        "img_size": [
            256,
            256
        ]
    },
    "shape09113_rank00_19.png": {
        "K": [
            274.49688720703125,
            0.0,
            128.0,
            0.0,
            0.0,
            274.49688720703125,
            128.0,
            0.0,
            0.0,
            0.0,
            1.0,
            0.0,
            0.0,
            0.0,
            0.0,
            1.0
        ],
        "W2C": [
            -0.3681243208640296,
            -0.9297766118108476,
            9.455987709574448e-09,
            -3.390014248754729e-08,
            -0.54155678667794,
            0.21441732897422863,
            -0.8128600905885991,
            -3.0355502037856585e-10,
            0.7557782197065438,
            -0.2992335541792556,
            -0.5824590537959715,
            1.581138884306741,
            0.0,
            0.0,
            0.0,
            1.0
        ],
        "img_size": [
            256,
            256
        ]
    },
    "shape09113_rank00_69.png": {
        "K": [
            274.49688720703125,
            0.0,
            128.0,
            0.0,
            0.0,
            274.49688720703125,
            128.0,
            0.0,
            0.0,
            0.0,
            1.0,
            0.0,
            0.0,
            0.0,
            0.0,
            1.0
        ],
        "W2C": [
            0.36812334656737616,
            0.9297769697138398,
            -5.394323970646204e-09,
            1.7610160039459691e-09,
            0.5415569730204048,
            -0.21441675975362695,
            -0.8128600872175321,
            4.698995243017711e-08,
            -0.7557785540143375,
            0.2992327341628931,
            -0.5824589753182959,
            1.581138818305527,
            0.0,
            0.0,
            0.0,
            1.0
        ],
        "img_size": [
            256,
            256
        ]
    },
    "shape09113_rank00_8.png": {
        "K": [
            274.49688720703125,
            0.0,
            128.0,
            0.0,
            0.0,
            274.49688720703125,
            128.0,
            0.0,
            0.0,
            0.0,
            1.0,
            0.0,
            0.0,
            0.0,
            0.0,
            1.0
        ],
        "W2C": [
            -0.8763067031409152,
            -0.4817537080138236,
            1.9788867844626312e-09,
            -9.571619853029117e-09,
            -0.2806017847369543,
            0.5104127642399231,
            -0.8128600749112261,
            2.9546595127485374e-08,
            0.3915983455041309,
            -0.7123147637422024,
            -0.5824591352794356,
            1.5811390044512181,
            0.0,
            0.0,
            0.0,
            1.0
        ],
        "img_size": [
            256,
            256
        ]
    },
    "shape09113_rank00_13.png": {
        "K": [
            274.49688720703125,
            0.0,
            128.0,
            0.0,
            0.0,
            274.49688720703125,
            128.0,
            0.0,
            0.0,
            0.0,
            1.0,
            0.0,
            0.0,
            0.0,
            0.0,
            1.0
        ],
        "W2C": [
            -0.6845470504330858,
            -0.7289687198731523,
            -1.9336833623078577e-08,
            6.907285428559087e-09,
            -0.42459440109027663,
            0.398720612580213,
            -0.8128600909969204,
            2.5282034867846157e-08,
            0.5925495807066529,
            -0.556440961764138,
            -0.5824591128307853,
            1.581139010402694,
            0.0,
            0.0,
            0.0,
            1.0
        ],
        "img_size": [
            256,
            256
        ]
    },
    "shape09113_rank00_38.png": {
        "K": [
            274.49688720703125,
            0.0,
            128.0,
            0.0,
            0.0,
            274.49688720703125,
            128.0,
            0.0,
            0.0,
            0.0,
            1.0,
            0.0,
            0.0,
            0.0,
            0.0,
            1.0
        ],
        "W2C": [
            0.7289691998182802,
            -0.6845466353448711,
            -1.899476292299377e-09,
            2.8759660351082105e-10,
            -0.39872034420113095,
            -0.42459463705452655,
            -0.8128600916148726,
            5.07837333529029e-08,
            0.55644058973278,
            0.5925498753101404,
            -0.5824589691815169,
            1.581138813011055,
            0.0,
            0.0,
            0.0,
            1.0
        ],
        "img_size": [
            256,
            256
        ]
    },
    "shape09113_rank00_30.png": {
        "K": [
            274.49688720703125,
            0.0,
            128.0,
            0.0,
            0.0,
            274.49688720703125,
            128.0,
            0.0,
            0.0,
            0.0,
            1.0,
            0.0,
            0.0,
            0.0,
            0.0,
            1.0
        ],
        "W2C": [
            0.3090175410302256,
            -0.9510564456978303,
            -9.902400385324053e-09,
            1.5105617494684873e-08,
            -0.5539513874137688,
            -0.1799900683167446,
            -0.812860066855657,
            2.1569682485972036e-08,
            0.7730756331679827,
            0.25118799084075955,
            -0.5824590273122143,
            1.5811386919788977,
            0.0,
            0.0,
            0.0,
            1.0
        ],
        "img_size": [
            256,
            256
        ]
    },
    "shape09113_rank00_36.png": {
        "K": [
            274.49688720703125,
            0.0,
            128.0,
            0.0,
            0.0,
            274.49688720703125,
            128.0,
            0.0,
            0.0,
            0.0,
            1.0,
            0.0,
            0.0,
            0.0,
            0.0,
            1.0
        ],
        "W2C": [
            0.6374245079731898,
            -0.7705128410819666,
            2.7459654657344104e-09,
            -2.611936258271118e-08,
            -0.44879217370191443,
            -0.3712736737939973,
            -0.8128601082893793,
            3.4621142589492515e-08,
            0.626319107174934,
            0.5181368896631005,
            -0.5824590290933652,
            1.5811388355670215,
            0.0,
            0.0,
            0.0,
            1.0
        ],
        "img_size": [
            256,
            256
        ]
    },
    "shape09113_rank00_29.png": {
        "K": [
            274.49688720703125,
            0.0,
            128.0,
            0.0,
            0.0,
            274.49688720703125,
            128.0,
            0.0,
            0.0,
            0.0,
            1.0,
            0.0,
            0.0,
            0.0,
            0.0,
            1.0
        ],
        "W2C": [
            0.24869035931996647,
            -0.9685830343289252,
            -7.521672241259321e-09,
            1.2166810005324664e-08,
            -0.5641599606514269,
            -0.14485193957543757,
            -0.8128601017107393,
            3.7064486263793194e-08,
            0.7873225272078745,
            0.20215047245889473,
            -0.5824590978789429,
            1.581138993959504,
            0.0,
            0.0,
            0.0,
            1.0
        ],
        "img_size": [
            256,
            256
        ]
    },
    "shape09113_rank00_27.png": {
        "K": [
            274.49688720703125,
            0.0,
            128.0,
            0.0,
            0.0,
            274.49688720703125,
            128.0,
            0.0,
            0.0,
            0.0,
            1.0,
            0.0,
            0.0,
            0.0,
            0.0,
            1.0
        ],
        "W2C": [
            0.12533369710852701,
            -0.9921147435416705,
            -2.308886041949233e-09,
            2.2564276518047587e-09,
            -0.5778661469780257,
            -0.07300174072454683,
            -0.8128600969461052,
            3.7184380075169726e-08,
            0.8064504189331587,
            0.10187876279537529,
            -0.582459104528305,
            1.581138993792184,
            0.0,
            0.0,
            0.0,
            1.0
        ],
        "img_size": [
            256,
            256
        ]
    },
    "shape09113_rank00_55.png": {
        "K": [
            274.49688720703125,
            0.0,
            128.0,
            0.0,
            0.0,
            274.49688720703125,
            128.0,
            0.0,
            0.0,
            0.0,
            1.0,
            0.0,
            0.0,
            0.0,
            0.0,
            1.0
        ],
        "W2C": [
            0.9510561964512684,
            0.30901810877327607,
            1.1747186782354705e-08,
            -2.2477404893195078e-08,
            0.17999038560732997,
            -0.5539512794360943,
            -0.8128600722339482,
            2.5096998832740374e-08,
            -0.2511884850502822,
            0.7730756406999523,
            -0.582459139015754,
            1.581139010660924,
            0.0,
            0.0,
            0.0,
            1.0
        ],
        "img_size": [
            256,
            256
        ]
    },
    "shape09113_rank00_6.png": {
        "K": [
            274.49688720703125,
            0.0,
            128.0,
            0.0,
            0.0,
            274.49688720703125,
            128.0,
            0.0,
            0.0,
            0.0,
            1.0,
            0.0,
            0.0,
            0.0,
            0.0,
            1.0
        ],
        "W2C": [
            -0.9297765762249074,
            -0.3681246239579273,
            3.656461091128992e-09,
            8.283052113944805e-09,
            -0.21441750593280354,
            0.5415567458258324,
            -0.8128601112423997,
            4.2636692904060586e-08,
            0.2992338079713933,
            -0.7557782494534071,
            -0.5824590845768806,
            1.581138986183121,
            0.0,
            0.0,
            0.0,
            1.0
        ],
        "img_size": [
            256,
            256
        ]
    },
    "shape09113_rank00_56.png": {
        "K": [
            274.49688720703125,
            0.0,
            128.0,
            0.0,
            0.0,
            274.49688720703125,
            128.0,
            0.0,
            0.0,
            0.0,
            1.0,
            0.0,
            0.0,
            0.0,
            0.0,
            1.0
        ],
        "W2C": [
            0.9297760330081227,
            0.3681256459979323,
            -6.662429378228358e-09,
            -9.465088303824393e-09,
            0.21441809155259822,
            -0.541556462062481,
            -0.8128600959338346,
            4.2065051125567505e-08,
            -0.29923464902918223,
            0.7557778440250563,
            -0.582459105940995,
            1.5811389869808852,
            0.0,
            0.0,
            0.0,
            1.0
        ],
        "img_size": [
            256,
            256
        ]
    },
    "shape09113_rank00_67.png": {
        "K": [
            274.49688720703125,
            0.0,
            128.0,
            0.0,
            0.0,
            274.49688720703125,
            128.0,
            0.0,
            0.0,
            0.0,
            1.0,
            0.0,
            0.0,
            0.0,
            0.0,
            1.0
        ],
        "W2C": [
            0.4817525838495176,
            0.876307347697831,
            1.7342629451495348e-08,
            -3.791421331388902e-09,
            0.5104131030745446,
            -0.28060110670275407,
            -0.8128601559813945,
            4.031877091151287e-08,
            -0.7123152971767551,
            0.3915974617545665,
            -0.5824590817453105,
            1.5811391512202961,
            0.0,
            0.0,
            0.0,
            1.0
        ],
        "img_size": [
            256,
            256
        ]
    },
    "shape09113_rank00_23.png": {
        "K": [
            274.49688720703125,
            0.0,
            128.0,
            0.0,
            0.0,
            274.49688720703125,
            128.0,
            0.0,
            0.0,
            0.0,
            1.0,
            0.0,
            0.0,
            0.0,
            0.0,
            1.0
        ],
        "W2C": [
            -0.1253329153840532,
            -0.9921148228573303,
            -5.8358918712852485e-09,
            -5.424212823023592e-09,
            -0.5778662441042608,
            0.07300129337563581,
            -0.8128601088907295,
            1.4827318427345779e-09,
            0.8064504743577423,
            -0.10187810902881957,
            -0.5824590282541413,
            1.581138881813861,
            0.0,
            0.0,
            0.0,
            1.0
        ],
        "img_size": [
            256,
            256
        ]
    }
}