{
    "shape09119_rank01_70.png": {
        "K": [
            274.49688720703125,
            0.0,
            128.0,
            0.0,
            0.0,
            274.49688720703125,
            128.0,
            0.0,
            0.0,
            0.0,
            1.0,
            0.0,
            0.0,
            0.0,
            0.0,
            1.0
        ],
        "W2C": [
            0.3090157547624227,
            0.9510568821525414,
            -5.2087111408285426e-09,
            8.778116932252745e-09,
            0.5539517503536641,
            -0.17998902671980402,
            -0.8128600714254769,
            1.915793698748915e-09,
            -0.7730762187855234,
            0.25118656292826397,
            -0.5824590805393733,
            1.5811388812094944,
            0.0,
            0.0,
            0.0,
            1.0
        ],
        "img_size": [
            256,
            256
        ]
    },
    "shape09119_rank01_42.png": {
        "K": [
            274.49688720703125,
            0.0,
            128.0,
            0.0,
            0.0,
            274.49688720703125,
            128.0,
            0.0,
            0.0,
            0.0,
            1.0,
            0.0,
            0.0,
            0.0,
            0.0,
            1.0
        ],
        "W2C": [
            0.8763070208830154,
            -0.48175291832921746,
            -1.962054524674087e-08,
            -1.0906330214033974e-08,
            -0.28060140284279217,
            -0.5104129916849979,
            -0.8128601059608151,
            1.8078875022318446e-09,
            0.39159772763482015,
            0.7123150329132282,
            -0.5824590323430291,
            1.5811388813600853,
            0.0,
            0.0,
            0.0,
            1.0
        ],
        "img_size": [
            256,
            256
        ]
    },
    "shape09119_rank01_0.png": {
        "K": [
            274.49688720703125,
            0.0,
            128.0,
            0.0,
            0.0,
            274.49688720703125,
            128.0,
            0.0,
            0.0,
            0.0,
            1.0,
            0.0,
            0.0,
            0.0,
            0.0,
            1.0
        ],
        "W2C": [
            -1.0,
            -0.0,
            -0.0,
            -0.0,
            -0.0,
            0.5824590769309321,
            -0.812860074011124,
            -6.914128422430617e-09,
            -0.0,
            -0.8128600740111243,
            -0.582459076930932,
            1.5811388935322335,
            0.0,
            0.0,
            0.0,
            1.0
        ],
        "img_size": [
            256,
            256
        ]
    },
    "shape09119_rank01_58.png": {
        "K": [
            274.49688720703125,
            0.0,
            128.0,
            0.0,
            0.0,
            274.49688720703125,
            128.0,
            0.0,
            0.0,
            0.0,
            1.0,
            0.0,
            0.0,
            0.0,
            0.0,
            1.0
        ],
        "W2C": [
            0.8763060546340381,
            0.48175480955385563,
            5.21153605104727e-09,
            2.627635568163322e-08,
            0.2806024779263235,
            -0.5104124213971456,
            -0.8128600491276066,
            3.972672125503702e-09,
            -0.39159921033015455,
            0.7123141518210906,
            -0.5824590520528757,
            1.5811387165366848,
            0.0,
            0.0,
            0.0,
            1.0
        ],
        "img_size": [
            256,
            256
        ]
    },
    "shape09119_rank01_84.png": {
        "K": [
            274.49688720703125,
            0.0,
            128.0,
            0.0,
            0.0,
            274.49688720703125,
            128.0,
            0.0,
            0.0,
            0.0,
            1.0,
            0.0,
            0.0,
            0.0,
            0.0,
            1.0
        ],
        "W2C": [
            -0.5358281750733905,
            0.8443269705486182,
            1.7203152849094616e-08,
            -2.8644746404471893e-09,
            0.49178588909898185,
            0.31209797531173894,
            -0.8128600924498794,
            4.081325976579932e-08,
            -0.6863197215745608,
            -0.4355533279151593,
            -0.5824589680162091,
            1.5811388269255098,
            0.0,
            0.0,
            0.0,
            1.0
        ],
        "img_size": [
            256,
            256
        ]
    },
    "shape09119_rank01_2.png": {
        "K": [
            274.49688720703125,
            0.0,
            128.0,
            0.0,
            0.0,
            274.49688720703125,
            128.0,
            0.0,
            0.0,
            0.0,
            1.0,
            0.0,
            0.0,
            0.0,
            0.0,
            1.0
        ],
        "W2C": [
            -0.9921147349863232,
            -0.1253332533276673,
            -5.964269640494851e-09,
            2.9107070458076184e-09,
            -0.07300148420700173,
            0.5778662024399954,
            -0.8128600609323259,
            1.5955074602146038e-08,
            0.10187840072804501,
            -0.8064504130060904,
            -0.582459095183258,
            1.5811388616167517,
            0.0,
            0.0,
            0.0,
            1.0
        ],
        "img_size": [
            256,
            256
        ]
    },
    "shape09119_rank01_24.png": {
        "K": [
            274.49688720703125,
            0.0,
            128.0,
            0.0,
            0.0,
            274.49688720703125,
            128.0,
            0.0,
            0.0,
            0.0,
            1.0,
            0.0,
            0.0,
            0.0,
            0.0,
            1.0
        ],
        "W2C": [
            -0.06279013986110675,
            -0.9980266562809019,
            -1.2003074218761865e-09,
            -1.317598449839969e-09,
            -0.5813097020094364,
            0.036572685673621624,
            -0.8128601163469165,
            5.416503430755745e-08,
            0.8112561284875365,
            -0.051039601240806816,
            -0.5824590774531897,
            1.5811389700945584,
            0.0,
            0.0,
            0.0,
            1.0
        ],
        "img_size": [
            256,
            256
        ]
    },
    "shape09119_rank01_37.png": {
        "K": [
            274.49688720703125,
            0.0,
            128.0,
            0.0,
            0.0,
            274.49688720703125,
            128.0,
            0.0,
            0.0,
            0.0,
            1.0,
            0.0,
            0.0,
            0.0,
            0.0,
            1.0
        ],
        "W2C": [
            0.6845476085916955,
            -0.7289681164710662,
            1.875878931122843e-09,
            8.518207467549874e-09,
            -0.4245940746466032,
            -0.39872098133423545,
            -0.8128600910684998,
            1.5006865648328068e-09,
            0.5925490644957448,
            0.5564414194425772,
            -0.5824590531262389,
            1.5811388817888041,
            0.0,
            0.0,
            0.0,
            1.0
        ],
        "img_size": [
            256,
            256
        ]
    },
    "shape09119_rank01_35.png": {
        "K": [
            274.49688720703125,
            0.0,
            128.0,
            0.0,
            0.0,
            274.49688720703125,
            128.0,
            0.0,
            0.0,
            0.0,
            1.0,
            0.0,
            0.0,
            0.0,
            0.0,
            1.0
        ],
        "W2C": [
            0.5877857214282347,
            -0.8090165596287667,
            -2.33012557282247e-09,
            1.1474963281450658e-08,
            -0.47121904501213097,
            -0.3423611214422203,
            -0.8128601108254175,
            2.7867616056141094e-08,
            0.657617351897111,
            0.4777875630396024,
            -0.5824590851588065,
            1.5811390067943447,
            0.0,
            0.0,
            0.0,
            1.0
        ],
        "img_size": [
            256,
            256
        ]
    },
    "shape09119_rank01_3.png": {
        "K": [
            274.49688720703125,
            0.0,
            128.0,
            0.0,
            0.0,
            274.49688720703125,
            128.0,
            0.0,
            0.0,
            0.0,
            1.0,
            0.0,
            0.0,
            0.0,
            0.0,
            1.0
        ],
        "W2C": [
            -0.9822872079174811,
            -0.18738131766843644,
            4.049746297862107e-09,
            2.2504456209938486e-09,
            -0.10914195983152959,
            0.5721420951913953,
            -0.8128601047680246,
            2.2709667197805906e-08,
            0.15231479384822932,
            -0.7984620476494099,
            -0.5824590340076482,
            1.581138852190272,
            0.0,
            0.0,
            0.0,
            1.0
        ],
        "img_size": [
            256,
            256
        ]
    },
    "shape09119_rank01_80.png": {
        "K": [
            274.49688720703125,
            0.0,
            128.0,
            0.0,
            0.0,
            274.49688720703125,
            128.0,
            0.0,
            0.0,
            0.0,
            1.0,
            0.0,
            0.0,
            0.0,
            0.0,
            1.0
        ],
        "W2C": [
            -0.309018481265426,
            0.9510560091410385,
            -1.160832335379896e-08,
            1.0056235183676676e-08,
            0.5539512325016237,
            0.17999060729993385,
            -0.8128600934751273,
            -1.1173597892494491e-08,
            -0.773075575199795,
            -0.2511887944369704,
            -0.5824591093722841,
            1.5811390612789402,
            0.0,
            0.0,
            0.0,
            1.0
        ],
        "img_size": [
            256,
            256
        ]
    },
    "shape09119_rank01_4.png": {
        "K": [
            274.49688720703125,
            0.0,
            128.0,
            0.0,
            0.0,
            274.49688720703125,
            128.0,
            0.0,
            0.0,
            0.0,
            1.0,
            0.0,
            0.0,
            0.0,
            0.0,
            1.0
        ],
        "W2C": [
            -0.9685832271094662,
            -0.24868988298500178,
            2.3120496126505537e-09,
            -1.4867975005012001e-08,
            -0.14485166330384128,
            0.5641600199823467,
            -0.812860162871957,
            5.966798337649822e-08,
            0.20215006212416364,
            -0.787322616370384,
            -0.5824590125244191,
            1.5811389624148289,
            0.0,
            0.0,
            0.0,
            1.0
        ],
        "img_size": [
            256,
            256
        ]
    },
    "shape09119_rank01_76.png": {
        "K": [
            274.49688720703125,
            0.0,
            128.0,
            0.0,
            0.0,
            274.49688720703125,
            128.0,
            0.0,
            0.0,
            0.0,
            1.0,
            0.0,
            0.0,
            0.0,
            0.0,
            1.0
        ],
        "W2C": [
            -0.0627919839968322,
            0.9980266032881733,
            1.9160542656416664e-09,
            -1.6708792125193875e-09,
            0.5813096073949408,
            0.036573759686159585,
            -0.8128601132282058,
            6.862598211014262e-08,
            -0.8112560561345808,
            -0.05104110064742889,
            -0.5824589986233232,
            1.5811389499133426,
            0.0,
            0.0,
            0.0,
            1.0
        ],
        "img_size": [
            256,
            256
        ]
    },
    "shape09119_rank01_77.png": {
        "K": [
            274.49688720703125,
            0.0,
            128.0,
            0.0,
            0.0,
            274.49688720703125,
            128.0,
            0.0,
            0.0,
            0.0,
            1.0,
            0.0,
            0.0,
            0.0,
            0.0,
            1.0
        ],
        "W2C": [
            -0.12533471070989646,
            0.9921144837201772,
            -3.478497862138341e-10,
            -1.087080862265408e-08,
            0.5778661029988822,
            0.0730023457730183,
            -0.8128601050885751,
            4.425558659991031e-08,
            -0.8064502758326679,
            -0.10187959040953867,
            -0.5824590335602986,
            1.58113882212152,
            0.0,
            0.0,
            0.0,
            1.0
        ],
        "img_size": [
            256,
            256
        ]
    },
    "shape09119_rank01_87.png": {
        "K": [
            274.49688720703125,
            0.0,
            128.0,
            0.0,
            0.0,
            274.49688720703125,
            128.0,
            0.0,
            0.0,
            0.0,
            1.0,
            0.0,
            0.0,
            0.0,
            0.0,
            1.0
        ],
        "W2C": [
            -0.6845484463229877,
            0.7289674889485717,
            7.121348334815172e-09,
            -4.8174950251130714e-08,
            0.4245936999707872,
            0.3987214185861813,
            -0.8128601011468101,
            2.709930687634297e-08,
            -0.5925485240980067,
            -0.5564420483058522,
            -0.5824590390612918,
            1.5811388460642402,
            0.0,
            0.0,
            0.0,
            1.0
        ],
        "img_size": [
            256,
            256
        ]
    },
    "shape09119_rank01_18.png": {
        "K": [
            274.49688720703125,
            0.0,
            128.0,
            0.0,
            0.0,
            274.49688720703125,
            128.0,
            0.0,
            0.0,
            0.0,
            1.0,
            0.0,
            0.0,
            0.0,
            0.0,
            1.0
        ],
        "W2C": [
            -0.42577905590223414,
            -0.9048271404777082,
            -4.553125998700211e-09,
            2.5368820071729532e-08,
            -0.5270247857349994,
            0.2479988787318118,
            -0.8128600820931474,
            2.598260822744897e-08,
            0.7354978629495165,
            -0.34609879887668177,
            -0.5824590656519352,
            1.5811388476226669,
            0.0,
            0.0,
            0.0,
            1.0
        ],
        "img_size": [
            256,
            256
        ]
    },
    "shape09119_rank01_98.png": {
        "K": [
            274.49688720703125,
            0.0,
            128.0,
            0.0,
            0.0,
            274.49688720703125,
            128.0,
            0.0,
            0.0,
            0.0,
            1.0,
            0.0,
            0.0,
            0.0,
            0.0,
            1.0
        ],
        "W2C": [
            -0.9921148928344122,
            0.12533119944009938,
            -4.1628177729552195e-09,
            3.871429453260566e-09,
            0.07300030053089324,
            0.5778663122245246,
            -0.8128600942698343,
            1.2155980187312297e-08,
            -0.1018767372641584,
            -0.8064506277571092,
            -0.5824589654763422,
            1.5811388669186375,
            0.0,
            0.0,
            0.0,
            1.0
        ],
        "img_size": [
            256,
            256
        ]
    },
    "shape09119_rank01_89.png": {
        "K": [
            274.49688720703125,
            0.0,
            128.0,
            0.0,
            0.0,
            274.49688720703125,
            128.0,
            0.0,
            0.0,
            0.0,
            1.0,
            0.0,
            0.0,
            0.0,
            0.0,
            1.0
        ],
        "W2C": [
            -0.7705144239940238,
            0.6374226286147516,
            6.354661486733677e-09,
            9.073612950648468e-10,
            0.37127255734923764,
            0.4487931077166255,
            -0.812860096107326,
            1.0900183139372716e-08,
            -0.5181353710151685,
            -0.6263203780394329,
            -0.5824590460942242,
            1.5811388686711862,
            0.0,
            0.0,
            0.0,
            1.0
        ],
        "img_size": [
            256,
            256
        ]
    },
    "shape09119_rank01_41.png": {
        "K": [
            274.49688720703125,
            0.0,
            128.0,
            0.0,
            0.0,
            274.49688720703125,
            128.0,
            0.0,
            0.0,
            0.0,
            1.0,
            0.0,
            0.0,
            0.0,
            0.0,
            1.0
        ],
        "W2C": [
            0.844328393559057,
            -0.5358261061791411,
            1.5313474360718637e-08,
            -1.1248627848758625e-08,
            -0.3120967652661327,
            -0.4917867260489382,
            -0.8128601040523419,
            1.1544258199378814e-08,
            0.43555169505122887,
            0.686320882084416,
            -0.5824590946110815,
            1.5811390295746695,
            0.0,
            0.0,
            0.0,
            1.0
        ],
        "img_size": [
            256,
            256
        ]
    },
    "shape09119_rank01_60.png": {
        "K": [
            274.49688720703125,
            0.0,
            128.0,
            0.0,
            0.0,
            274.49688720703125,
            128.0,
            0.0,
            0.0,
            0.0,
            1.0,
            0.0,
            0.0,
            0.0,
            0.0,
            1.0
        ],
        "W2C": [
            0.8090163253125983,
            0.587786365050964,
            -5.114347991981137e-09,
            -2.0498703544566053e-08,
            0.3423614399376058,
            -0.4712188570454062,
            -0.8128600983370816,
            2.760315767166757e-08,
            -0.47778797932483275,
            0.6576170072439038,
            -0.5824590429824534,
            1.581138845361083,
            0.0,
            0.0,
            0.0,
            1.0
        ],
        "img_size": [
            256,
            256
        ]
    },
    "shape09119_rank01_65.png": {
        "K": [
            274.49688720703125,
            0.0,
            128.0,
            0.0,
            0.0,
            274.49688720703125,
            128.0,
            0.0,
            0.0,
            0.0,
            1.0,
            0.0,
            0.0,
            0.0,
            0.0,
            1.0
        ],
        "W2C": [
            0.5877842958790424,
            0.8090176647033773,
            1.6827793036852785e-09,
            -7.629693012499638e-09,
            0.47121969232964167,
            -0.34236028004171876,
            -0.8128601084344483,
            2.3318827078825544e-08,
            -0.6576181729381686,
            0.4777863606135894,
            -0.5824590288909117,
            1.5811388513401492,
            0.0,
            0.0,
            0.0,
            1.0
        ],
        "img_size": [
            256,
            256
        ]
    },
    "shape09119_rank01_96.png": {
        "K": [
            274.49688720703125,
            0.0,
            128.0,
            0.0,
            0.0,
            274.49688720703125,
            128.0,
            0.0,
            0.0,
            0.0,
            1.0,
            0.0,
            0.0,
            0.0,
            0.0,
            1.0
        ],
        "W2C": [
            -0.9685836695406982,
            0.2486879629577479,
            -8.62427840129494e-09,
            8.160565715931366e-09,
            0.14485055329244162,
            0.5641603022992198,
            -0.8128600947872472,
            2.2344214026387356e-08,
            -0.20214850716639024,
            -0.7873229875253667,
            -0.5824589647542584,
            1.5811388527002839,
            0.0,
            0.0,
            0.0,
            1.0
        ],
        "img_size": [
            256,
            256
        ]
    },
    "shape09119_rank01_12.png": {
        "K": [
            274.49688720703125,
            0.0,
            128.0,
            0.0,
            0.0,
            274.49688720703125,
            128.0,
            0.0,
            0.0,
            0.0,
            1.0,
            0.0,
            0.0,
            0.0,
            0.0,
            1.0
        ],
        "W2C": [
            -0.7289685570265125,
            -0.68454717197821,
            4.716241731201186e-09,
            -3.2498520262391733e-08,
            -0.3987207007748666,
            0.42459433235738514,
            -0.8128601011027927,
            2.251472055065758e-09,
            0.5564410465527995,
            -0.5925494066352306,
            -0.5824590391227209,
            1.5811388807410331,
            0.0,
            0.0,
            0.0,
            1.0
        ],
        "img_size": [
            256,
            256
        ]
    },
    "shape09119_rank01_33.png": {
        "K": [
            274.49688720703125,
            0.0,
            128.0,
            0.0,
            0.0,
            274.49688720703125,
            128.0,
            0.0,
            0.0,
            0.0,
            1.0,
            0.0,
            0.0,
            0.0,
            0.0,
            1.0
        ],
        "W2C": [
            0.4817542260315517,
            -0.8763062963290859,
            -1.1412080168885464e-09,
            2.9543192809285338e-08,
            -0.5104125884778166,
            -0.28060214634473085,
            -0.812860107277581,
            1.524795571164227e-08,
            0.7123144455614443,
            0.39159881007830044,
            -0.5824590305053964,
            1.5811388626035827,
            0.0,
            0.0,
            0.0,
            1.0
        ],
        "img_size": [
            256,
            256
        ]
    },
    "shape09119_rank01_38.png": {
        "K": [
            274.49688720703125,
            0.0,
            128.0,
            0.0,
            0.0,
            274.49688720703125,
            128.0,
            0.0,
            0.0,
            0.0,
            1.0,
            0.0,
            0.0,
            0.0,
            0.0,
            1.0
        ],
        "W2C": [
            0.7289691384010926,
            -0.6845465776703781,
            -1.8994761130293442e-09,
            2.875965248154562e-10,
            -0.39872034532536765,
            -0.4245946359987996,
            -0.8128600916148726,
            5.078373336319852e-08,
            0.5564405913017265,
            0.5925498738368037,
            -0.5824589691815169,
            1.581138813011055,
            0.0,
            0.0,
            0.0,
            1.0
        ],
        "img_size": [
            256,
            256
        ]
    },
    "shape09119_rank01_40.png": {
        "K": [
            274.49688720703125,
            0.0,
            128.0,
            0.0,
            0.0,
            274.49688720703125,
            128.0,
            0.0,
            0.0,
            0.0,
            1.0,
            0.0,
            0.0,
            0.0,
            0.0,
            1.0
        ],
        "W2C": [
            0.8090175213904459,
            -0.5877846873431029,
            -4.8538938987892e-09,
            -3.922651982546411e-08,
            -0.34236049367300253,
            -0.4712195185361594,
            -0.8128601004476096,
            4.787852460808903e-09,
            0.4777866380528926,
            0.6576179454353042,
            -0.582459040037072,
            1.581138877201348,
            0.0,
            0.0,
            0.0,
            1.0
        ],
        "img_size": [
            256,
            256
        ]
    },
    "shape09119_rank01_26.png": {
        "K": [
            274.49688720703125,
            0.0,
            128.0,
            0.0,
            0.0,
            274.49688720703125,
            128.0,
            0.0,
            0.0,
            0.0,
            1.0,
            0.0,
            0.0,
            0.0,
            0.0,
            1.0
        ],
        "W2C": [
            0.06279093841816304,
            -0.9980266150194664,
            6.749248954662147e-14,
            -3.567661741350478e-09,
            -0.5813096825646266,
            -0.03657315531750922,
            -0.8128600881706189,
            4.6951270099412625e-08,
            0.8112560183329364,
            0.05104025143681662,
            -0.5824590571704226,
            1.5811388183595156,
            0.0,
            0.0,
            0.0,
            1.0
        ],
        "img_size": [
            256,
            256
        ]
    },
    "shape09119_rank01_16.png": {
        "K": [
            274.49688720703125,
            0.0,
            128.0,
            0.0,
            0.0,
            274.49688720703125,
            128.0,
            0.0,
            0.0,
            0.0,
            1.0,
            0.0,
            0.0,
            0.0,
            0.0,
            1.0
        ],
        "W2C": [
            -0.5358266248807739,
            -0.8443279463161756,
            -8.139236703345329e-09,
            -1.4667419458884914e-08,
            -0.4917864402684043,
            0.3120970903012853,
            -0.8128600814536697,
            1.1055759050293776e-08,
            0.6863206175258951,
            -0.4355522035676891,
            -0.582459102571451,
            1.5811391920587674,
            0.0,
            0.0,
            0.0,
            1.0
        ],
        "img_size": [
            256,
            256
        ]
    },
    "shape09119_rank01_67.png": {
        "K": [
            274.49688720703125,
            0.0,
            128.0,
            0.0,
            0.0,
            274.49688720703125,
            128.0,
            0.0,
            0.0,
            0.0,
            1.0,
            0.0,
            0.0,
            0.0,
            0.0,
            1.0
        ],
        "W2C": [
            0.4817525178392664,
            0.8763072320100447,
            1.582899187845323e-08,
            3.174822445930395e-10,
            0.5104131114172407,
            -0.2806011078346024,
            -0.8128601503521117,
            2.50375611892683e-08,
            -0.7123152359263364,
            0.39159742326087943,
            -0.582459029996691,
            1.5811390107438732,
            0.0,
            0.0,
            0.0,
            1.0
        ],
        "img_size": [
            256,
            256
        ]
    },
    "shape09119_rank01_63.png": {
        "K": [
            274.49688720703125,
            0.0,
            128.0,
            0.0,
            0.0,
            274.49688720703125,
            128.0,
            0.0,
            0.0,
            0.0,
            1.0,
            0.0,
            0.0,
            0.0,
            0.0,
            1.0
        ],
        "W2C": [
            0.6845460330272402,
            0.7289696171634115,
            -2.987366579343895e-09,
            6.014332654941301e-09,
            0.42459492866474896,
            -0.39872001428654064,
            -0.8128600916347877,
            5.0888563423898905e-08,
            -0.5925502822714769,
            0.5564401293151668,
            -0.5824589691537241,
            1.5811388128647579,
            0.0,
            0.0,
            0.0,
            1.0
        ],
        "img_size": [
            256,
            256
        ]
    },
    "shape09119_rank01_99.png": {
        "K": [
            274.49688720703125,
            0.0,
            128.0,
            0.0,
            0.0,
            274.49688720703125,
            128.0,
            0.0,
            0.0,
            0.0,
            1.0,
            0.0,
            0.0,
            0.0,
            0.0,
            1.0
        ],
        "W2C": [
            -0.9980268081610824,
            0.06278846217181634,
            -2.78979513458187e-10,
            -1.8128295625816341e-09,
            0.03657170812631811,
            0.5813097878343022,
            -0.8128601004070551,
            1.8007507423678998e-08,
            -0.051038231786020016,
            -0.8112561652437147,
            -0.5824590400936688,
            1.5811388587524462,
            0.0,
            0.0,
            0.0,
            1.0
        ],
        "img_size": [
            256,
            256
        ]
    },
    "shape09119_rank01_56.png": {
        "K": [
            274.49688720703125,
            0.0,
            128.0,
            0.0,
            0.0,
            274.49688720703125,
            128.0,
            0.0,
            0.0,
            0.0,
            1.0,
            0.0,
            0.0,
            0.0,
            0.0,
            1.0
        ],
        "W2C": [
            0.929776031282291,
            0.3681256503568703,
            -1.0021753943169158e-08,
            -3.458917102349361e-10,
            0.2144180944793521,
            -0.541556469454592,
            -0.8128600902369194,
            2.6600249003498163e-08,
            -0.2992346224921506,
            0.7557777770003964,
            -0.5824590542867638,
            1.5811388467607084,
            0.0,
            0.0,
            0.0,
            1.0
        ],
        "img_size": [
            256,
            256
        ]
    },
    "shape09119_rank01_6.png": {
        "K": [
            274.49688720703125,
            0.0,
            128.0,
            0.0,
            0.0,
            274.49688720703125,
            128.0,
            0.0,
            0.0,
            0.0,
            1.0,
            0.0,
            0.0,
            0.0,
            0.0,
            1.0
        ],
        "W2C": [
            -0.9297765246976196,
            -0.3681246035568289,
            3.656460905334277e-09,
            8.283051455172686e-09,
            -0.21441749404999985,
            0.5415567505305675,
            -0.8128601112423998,
            4.263669307968242e-08,
            0.29923379138815503,
            -0.7557782560191761,
            -0.5824590845768804,
            1.5811389861831209,
            0.0,
            0.0,
            0.0,
            1.0
        ],
        "img_size": [
            256,
            256
        ]
    },
    "shape09119_rank01_36.png": {
        "K": [
            274.49688720703125,
            0.0,
            128.0,
            0.0,
            0.0,
            274.49688720703125,
            128.0,
            0.0,
            0.0,
            0.0,
            1.0,
            0.0,
            0.0,
            0.0,
            0.0,
            1.0
        ],
        "W2C": [
            0.637424454480781,
            -0.7705127764208385,
            2.745965321218493e-09,
            -2.6119360525011842e-08,
            -0.44879217075671757,
            -0.3712736773541238,
            -0.8128601082893794,
            3.4621142571090744e-08,
            0.626319103064718,
            0.5181368946314913,
            -0.5824590290933652,
            1.5811388355670215,
            0.0,
            0.0,
            0.0,
            1.0
        ],
        "img_size": [
            256,
            256
        ]
    },
    "shape09119_rank01_17.png": {
        "K": [
            274.49688720703125,
            0.0,
            128.0,
            0.0,
            0.0,
            274.49688720703125,
            128.0,
            0.0,
            0.0,
            0.0,
            1.0,
            0.0,
            0.0,
            0.0,
            0.0,
            1.0
        ],
        "W2C": [
            -0.4817535130137663,
            -0.8763067566696389,
            -1.438799212262592e-08,
            2.2107722862700436e-09,
            -0.51041275591856,
            0.28060168637805544,
            -0.8128600956369405,
            4.739061860161924e-08,
            0.7123147437927921,
            -0.3915981744604783,
            -0.582458963568455,
            1.5811388177463708,
            0.0,
            0.0,
            0.0,
            1.0
        ],
        "img_size": [
            256,
            256
        ]
    },
    "shape09119_rank01_51.png": {
        "K": [
            274.49688720703125,
            0.0,
            128.0,
            0.0,
            0.0,
            274.49688720703125,
            128.0,
            0.0,
            0.0,
            0.0,
            1.0,
            0.0,
            0.0,
            0.0,
            0.0,
            1.0
        ],
        "W2C": [
            0.9980266546992819,
            0.06279157663907158,
            -1.8167413862748563e-09,
            -4.39196217222337e-09,
            0.03657351979177437,
            -0.5813096363370408,
            -0.8128600882371976,
            4.6921061509765885e-08,
            -0.05104076327629101,
            0.8112559536184891,
            -0.5824590570775079,
            1.5811388184016737,
            0.0,
            0.0,
            0.0,
            1.0
        ],
        "img_size": [
            256,
            256
        ]
    },
    "shape09119_rank01_74.png": {
        "K": [
            274.49688720703125,
            0.0,
            128.0,
            0.0,
            0.0,
            274.49688720703125,
            128.0,
            0.0,
            0.0,
            0.0,
            1.0,
            0.0,
            0.0,
            0.0,
            0.0,
            1.0
        ],
        "W2C": [
            0.0627891017963973,
            0.9980267872136256,
            6.955174712489244e-10,
            5.298710383910456e-10,
            0.5813097298307267,
            -0.03657207987188642,
            -0.8128601084016805,
            3.952687356157296e-08,
            -0.8112561673139868,
            0.051038755804426454,
            -0.5824590885412919,
            1.5811389905230797,
            0.0,
            0.0,
            0.0,
            1.0
        ],
        "img_size": [
            256,
            256
        ]
    },
    "shape09119_rank01_49.png": {
        "K": [
            274.49688720703125,
            0.0,
            128.0,
            0.0,
            0.0,
            274.49688720703125,
            128.0,
            0.0,
            0.0,
            0.0,
            1.0,
            0.0,
            0.0,
            0.0,
            0.0,
            1.0
        ],
        "W2C": [
            0.9980267964358822,
            -0.06278950773630804,
            -2.1748320229028774e-09,
            3.775662326314187e-09,
            -0.036572315467834585,
            -0.58130975991692,
            -0.8128601083522916,
            3.2373185491842126e-08,
            0.05103907617959134,
            0.8112561264839605,
            -0.5824590290055669,
            1.5811388387041947,
            0.0,
            0.0,
            0.0,
            1.0
        ],
        "img_size": [
            256,
            256
        ]
    },
    "shape09119_rank01_23.png": {
        "K": [
            274.49688720703125,
            0.0,
            128.0,
            0.0,
            0.0,
            274.49688720703125,
            128.0,
            0.0,
            0.0,
            0.0,
            1.0,
            0.0,
            0.0,
            0.0,
            0.0,
            1.0
        ],
        "W2C": [
            -0.12533290032694597,
            -0.9921147036677364,
            -5.835891171933591e-09,
            -5.424212209185026e-09,
            -0.5778662441157356,
            0.0730012932848042,
            -0.8128601088907295,
            1.4827317408750436e-09,
            0.806450474373756,
            -0.10187810890205809,
            -0.5824590282541413,
            1.5811388818138612,
            0.0,
            0.0,
            0.0,
            1.0
        ],
        "img_size": [
            256,
            256
        ]
    },
    "shape09119_rank01_13.png": {
        "K": [
            274.49688720703125,
            0.0,
            128.0,
            0.0,
            0.0,
            274.49688720703125,
            128.0,
            0.0,
            0.0,
            0.0,
            1.0,
            0.0,
            0.0,
            0.0,
            0.0,
            1.0
        ],
        "W2C": [
            -0.6845469943274768,
            -0.7289686569826979,
            -1.779463254467253e-08,
            2.7208425467182005e-09,
            -0.42459439966531426,
            0.3987206133576753,
            -0.8128600913598865,
            2.6267340570450547e-08,
            0.5925495180807862,
            -0.5564409059069938,
            -0.5824590527195889,
            1.581138847225304,
            0.0,
            0.0,
            0.0,
            1.0
        ],
        "img_size": [
            256,
            256
        ]
    }
}