{
    "camera_angle_x": 0.8726646304130554,
    "frames": [
        {
            "file_path": "train/shape09108_rank00_23",
            "rotation": 0.06283185307179587,
            "transform_matrix": [
                [
                    -0.12533290684223175,
                    0.5778661370277405,
                    -0.806450366973877,
                    -1.275110125541687
                ],
                [
                    -0.992114782333374,
                    -0.07300128042697906,
                    0.1018780991435051,
                    0.1610834300518036
                ],
                [
                    -7.450581485102248e-09,
                    0.8128600120544434,
                    0.5824589729309082,
                    0.9209486246109009
                ],
                [
                    0.0,
                    0.0,
                    0.0,
                    1.0
                ]
            ]
        },
        {
            "file_path": "train/shape09108_rank00_92",
            "rotation": 0.06283185307179587,
            "transform_matrix": [
                [
                    -0.8763076663017273,
                    -0.28060078620910645,
                    0.3915969133377075,
                    0.6191691756248474
                ],
                [
                    0.48175203800201416,
                    -0.5104131698608398,
                    0.7123153805732727,
                    1.1262695789337158
                ],
                [
                    -1.4901162970204496e-08,
                    0.8128599524497986,
                    0.5824589729309082,
                    0.9209486246109009
                ],
                [
                    0.0,
                    0.0,
                    0.0,
                    1.0
                ]
            ]
        },
        {
            "file_path": "train/shape09108_rank00_44",
            "rotation": 0.06283185307179587,
            "transform_matrix": [
                [
                    0.9297768473625183,
                    0.2144169807434082,
                    -0.2992330491542816,
                    -0.4731290340423584
                ],
                [
                    -0.36812371015548706,
                    0.5415568351745605,
                    -0.7557783722877502,
                    -1.194990634918213
                ],
                [
                    0.0,
                    0.8128599524497986,
                    0.5824589729309082,
                    0.9209486246109009
                ],
                [
                    0.0,
                    0.0,
                    0.0,
                    1.0
                ]
            ]
        },
        {
            "file_path": "train/shape09108_rank00_87",
            "rotation": 0.06283185307179587,
            "transform_matrix": [
                [
                    -0.6845483779907227,
                    -0.42459359765052795,
                    0.5925484299659729,
                    0.9369013905525208
                ],
                [
                    0.7289674282073975,
                    -0.3987213373184204,
                    0.5564419627189636,
                    0.8798121213912964
                ],
                [
                    0.0,
                    0.8128599524497986,
                    0.5824589729309082,
                    0.9209486246109009
                ],
                [
                    0.0,
                    0.0,
                    0.0,
                    1.0
                ]
            ]
        },
        {
            "file_path": "train/shape09108_rank00_79",
            "rotation": 0.06283185307179587,
            "transform_matrix": [
                [
                    -0.2486913949251175,
                    -0.5641598105430603,
                    0.7873221635818481,
                    1.2448657751083374
                ],
                [
                    0.9685828685760498,
                    -0.14485254883766174,
                    0.20215126872062683,
                    0.3196292519569397
                ],
                [
                    0.0,
                    0.8128600120544434,
                    0.5824589729309082,
                    0.9209486246109009
                ],
                [
                    0.0,
                    0.0,
                    0.0,
                    1.0
                ]
            ]
        },
        {
            "file_path": "train/shape09108_rank00_16",
            "rotation": 0.06283185307179587,
            "transform_matrix": [
                [
                    -0.5358267426490784,
                    0.4917864501476288,
                    -0.686320424079895,
                    -1.0851681232452393
                ],
                [
                    -0.8443280458450317,
                    -0.31209707260131836,
                    0.43555206060409546,
                    0.6886683702468872
                ],
                [
                    0.0,
                    0.8128600716590881,
                    0.5824589133262634,
                    0.9209486246109009
                ],
                [
                    0.0,
                    0.0,
                    0.0,
                    1.0
                ]
            ]
        },
        {
            "file_path": "train/shape09108_rank00_3",
            "rotation": 0.06283185307179587,
            "transform_matrix": [
                [
                    -0.9822872877120972,
                    0.10914193838834763,
                    -0.15231478214263916,
                    -0.24083083868026733
                ],
                [
                    -0.1873813420534134,
                    -0.5721420049667358,
                    0.7984619736671448,
                    1.2624794244766235
                ],
                [
                    7.450581485102248e-09,
                    0.8128599524497986,
                    0.5824589729309082,
                    0.9209486246109009
                ],
                [
                    0.0,
                    0.0,
                    0.0,
                    1.0
                ]
            ]
        },
        {
            "file_path": "train/shape09108_rank00_66",
            "rotation": 0.06283185307179587,
            "transform_matrix": [
                [
                    0.535825788974762,
                    -0.49178674817085266,
                    0.6863209009170532,
                    1.085168719291687
                ],
                [
                    0.8443286418914795,
                    0.3120965361595154,
                    -0.43555134534835815,
                    -0.6886671781539917
                ],
                [
                    0.0,
                    0.8128599524497986,
                    0.5824589729309082,
                    0.9209486246109009
                ],
                [
                    0.0,
                    0.0,
                    0.0,
                    1.0
                ]
            ]
        },
        {
            "file_path": "train/shape09108_rank00_91",
            "rotation": 0.06283185307179587,
            "transform_matrix": [
                [
                    -0.8443289995193481,
                    -0.31209617853164673,
                    0.4355508089065552,
                    0.6886664628982544
                ],
                [
                    0.5358251929283142,
                    -0.4917869567871094,
                    0.6863211393356323,
                    1.0851691961288452
                ],
                [
                    0.0,
                    0.8128599524497986,
                    0.5824589133262634,
                    0.9209486246109009
                ],
                [
                    0.0,
                    0.0,
                    0.0,
                    1.0
                ]
            ]
        },
        {
            "file_path": "train/shape09108_rank00_29",
            "rotation": 0.06283185307179587,
            "transform_matrix": [
                [
                    0.24869036674499512,
                    0.5641598701477051,
                    -0.7873223423957825,
                    -1.244866132736206
                ],
                [
                    -0.9685831069946289,
                    0.1448519229888916,
                    -0.20215043425559998,
                    -0.31962794065475464
                ],
                [
                    -7.450581485102248e-09,
                    0.8128599524497986,
                    0.5824589133262634,
                    0.9209486246109009
                ],
                [
                    0.0,
                    0.0,
                    0.0,
                    1.0
                ]
            ]
        },
        {
            "file_path": "train/shape09108_rank00_25",
            "rotation": 0.06283185307179587,
            "transform_matrix": [
                [
                    4.0133926404450904e-07,
                    0.582459032535553,
                    -0.8128599524497986,
                    -1.2852445840835571
                ],
                [
                    -1.0,
                    2.3376367153105093e-07,
                    -3.262325947162026e-07,
                    -5.158190674592333e-07
                ],
                [
                    1.4210856409267898e-14,
                    0.8128600120544434,
                    0.5824589729309082,
                    0.9209486246109009
                ],
                [
                    0.0,
                    0.0,
                    0.0,
                    1.0
                ]
            ]
        },
        {
            "file_path": "train/shape09108_rank00_98",
            "rotation": 0.06283185307179587,
            "transform_matrix": [
                [
                    -0.9921150207519531,
                    -0.07300028949975967,
                    0.10187672823667526,
                    0.16108126938343048
                ],
                [
                    0.12533122301101685,
                    -0.57786625623703,
                    0.806450605392456,
                    1.2751104831695557
                ],
                [
                    -3.725290742551124e-09,
                    0.8128600716590881,
                    0.5824589729309082,
                    0.9209486246109009
                ],
                [
                    0.0,
                    0.0,
                    0.0,
                    1.0
                ]
            ]
        },
        {
            "file_path": "train/shape09108_rank00_1",
            "rotation": 0.06283185307179587,
            "transform_matrix": [
                [
                    -0.9980267286300659,
                    0.036572910845279694,
                    -0.05103990435600281,
                    -0.08070117980241776
                ],
                [
                    -0.06279052793979645,
                    -0.5813096761703491,
                    0.8112559914588928,
                    1.2827084064483643
                ],
                [
                    3.725290298461914e-09,
                    0.8128600120544434,
                    0.582459032535553,
                    0.9209486246109009
                ],
                [
                    0.0,
                    0.0,
                    0.0,
                    1.0
                ]
            ]
        },
        {
            "file_path": "train/shape09108_rank00_40",
            "rotation": 0.06283185307179587,
            "transform_matrix": [
                [
                    0.8090173602104187,
                    0.3423604667186737,
                    -0.4777866005897522,
                    -0.7554470300674438
                ],
                [
                    -0.5877845883369446,
                    0.4712195098400116,
                    -0.6576179265975952,
                    -1.039785385131836
                ],
                [
                    -1.4901160305669237e-08,
                    0.8128600120544434,
                    0.5824589729309082,
                    0.9209486246109009
                ],
                [
                    0.0,
                    0.0,
                    0.0,
                    1.0
                ]
            ]
        },
        {
            "file_path": "train/shape09108_rank00_22",
            "rotation": 0.06283185307179587,
            "transform_matrix": [
                [
                    -0.18738101422786713,
                    0.5721420645713806,
                    -0.7984619736671448,
                    -1.2624794244766235
                ],
                [
                    -0.9822873473167419,
                    -0.1091417521238327,
                    0.15231451392173767,
                    0.2408304214477539
                ],
                [
                    0.0,
                    0.8128600120544434,
                    0.5824589729309082,
                    0.9209486246109009
                ],
                [
                    0.0,
                    0.0,
                    0.0,
                    1.0
                ]
            ]
        },
        {
            "file_path": "train/shape09108_rank00_60",
            "rotation": 0.06283185307179587,
            "transform_matrix": [
                [
                    0.809016227722168,
                    -0.3423613905906677,
                    0.47778794169425964,
                    0.7554491758346558
                ],
                [
                    0.5877862572669983,
                    0.4712187647819519,
                    -0.657616913318634,
                    -1.0397837162017822
                ],
                [
                    0.0,
                    0.8128599524497986,
                    0.5824589729309082,
                    0.9209486246109009
                ],
                [
                    0.0,
                    0.0,
                    0.0,
                    1.0
                ]
            ]
        },
        {
            "file_path": "train/shape09108_rank00_6",
            "rotation": 0.06283185307179587,
            "transform_matrix": [
                [
                    -0.9297764301300049,
                    0.2144174575805664,
                    -0.29923373460769653,
                    -0.47313010692596436
                ],
                [
                    -0.3681245446205139,
                    -0.5415565967559814,
                    0.7557780146598816,
                    1.1949901580810547
                ],
                [
                    0.0,
                    0.8128599524497986,
                    0.5824589729309082,
                    0.9209486246109009
                ],
                [
                    0.0,
                    0.0,
                    0.0,
                    1.0
                ]
            ]
        },
        {
            "file_path": "train/shape09108_rank00_21",
            "rotation": 0.06283185307179587,
            "transform_matrix": [
                [
                    -0.24868959188461304,
                    0.5641600489616394,
                    -0.7873225212097168,
                    -1.2448663711547852
                ],
                [
                    -0.9685832858085632,
                    -0.14485149085521698,
                    0.20214980840682983,
                    0.31962695717811584
                ],
                [
                    0.0,
                    0.8128600120544434,
                    0.5824589729309082,
                    0.9209486246109009
                ],
                [
                    0.0,
                    0.0,
                    0.0,
                    1.0
                ]
            ]
        },
        {
            "file_path": "train/shape09108_rank00_59",
            "rotation": 0.06283185307179587,
            "transform_matrix": [
                [
                    0.8443273305892944,
                    -0.3120977580547333,
                    0.43555301427841187,
                    0.6886698603630066
                ],
                [
                    0.5358278751373291,
                    0.49178600311279297,
                    -0.6863198280334473,
                    -1.0851670503616333
                ],
                [
                    0.0,
                    0.8128600120544434,
                    0.5824589729309082,
                    0.9209486246109009
                ],
                [
                    0.0,
                    0.0,
                    0.0,
                    1.0
                ]
            ]
        },
        {
            "file_path": "train/shape09108_rank00_53",
            "rotation": 0.06283185307179587,
            "transform_matrix": [
                [
                    0.9822870492935181,
                    -0.10914256423711777,
                    0.1523156613111496,
                    0.24083223938941956
                ],
                [
                    0.18738240003585815,
                    0.5721418857574463,
                    -0.7984617948532104,
                    -1.2624791860580444
                ],
                [
                    0.0,
                    0.8128599524497986,
                    0.5824589729309082,
                    0.9209486246109009
                ],
                [
                    0.0,
                    0.0,
                    0.0,
                    1.0
                ]
            ]
        },
        {
            "file_path": "train/shape09108_rank00_97",
            "rotation": 0.06283185307179587,
            "transform_matrix": [
                [
                    -0.982287585735321,
                    -0.1091407909989357,
                    0.15231317281723022,
                    0.24082830548286438
                ],
                [
                    0.18737933039665222,
                    -0.5721422433853149,
                    0.7984623312950134,
                    1.2624799013137817
                ],
                [
                    -7.450580596923828e-09,
                    0.8128600120544434,
                    0.5824589729309082,
                    0.9209486246109009
                ],
                [
                    0.0,
                    0.0,
                    0.0,
                    1.0
                ]
            ]
        },
        {
            "file_path": "train/shape09108_rank00_50",
            "rotation": 0.06283185307179587,
            "transform_matrix": [
                [
                    1.0,
                    -6.063964974600822e-07,
                    8.462661753583234e-07,
                    1.338064521405613e-06
                ],
                [
                    1.041097334564256e-06,
                    0.582459032535553,
                    -0.8128598928451538,
                    -1.2852445840835571
                ],
                [
                    5.684342563707159e-14,
                    0.8128600120544434,
                    0.5824589729309082,
                    0.9209486246109009
                ],
                [
                    0.0,
                    0.0,
                    0.0,
                    1.0
                ]
            ]
        },
        {
            "file_path": "train/shape09108_rank00_48",
            "rotation": 0.06283185307179587,
            "transform_matrix": [
                [
                    0.9921149015426636,
                    0.07300090044736862,
                    -0.10187757015228271,
                    -0.16108261048793793
                ],
                [
                    -0.12533226609230042,
                    0.57786625623703,
                    -0.8064504265785217,
                    -1.2751102447509766
                ],
                [
                    3.725290742551124e-09,
                    0.8128600120544434,
                    0.5824589729309082,
                    0.9209486246109009
                ],
                [
                    0.0,
                    0.0,
                    0.0,
                    1.0
                ]
            ]
        },
        {
            "file_path": "train/shape09108_rank00_62",
            "rotation": 0.06283185307179587,
            "transform_matrix": [
                [
                    0.7289677858352661,
                    -0.3987211585044861,
                    0.5564417243003845,
                    0.879811704158783
                ],
                [
                    0.684548020362854,
                    0.42459380626678467,
                    -0.5925487279891968,
                    -0.936901867389679
                ],
                [
                    0.0,
                    0.8128600716590881,
                    0.5824589729309082,
                    0.9209486246109009
                ],
                [
                    0.0,
                    0.0,
                    0.0,
                    1.0
                ]
            ]
        },
        {
            "file_path": "train/shape09108_rank00_86",
            "rotation": 0.06283185307179587,
            "transform_matrix": [
                [
                    -0.6374253034591675,
                    -0.4487917721271515,
                    0.6263185143470764,
                    0.9902966022491455
                ],
                [
                    0.7705122232437134,
                    -0.37127411365509033,
                    0.518137514591217,
                    0.8192474842071533
                ],
                [
                    -1.4901162970204496e-08,
                    0.8128600120544434,
                    0.5824589729309082,
                    0.9209486246109009
                ],
                [
                    0.0,
                    0.0,
                    0.0,
                    1.0
                ]
            ]
        },
        {
            "file_path": "train/shape09108_rank00_85",
            "rotation": 0.06283185307179587,
            "transform_matrix": [
                [
                    -0.5877866148948669,
                    -0.47121864557266235,
                    0.6576167345046997,
                    1.0397834777832031
                ],
                [
                    0.8090160489082336,
                    -0.34236156940460205,
                    0.47778820991516113,
                    0.7554495930671692
                ],
                [
                    -2.980232594040899e-08,
                    0.8128599524497986,
                    0.5824589729309082,
                    0.9209486246109009
                ],
                [
                    0.0,
                    0.0,
                    0.0,
                    1.0
                ]
            ]
        },
        {
            "file_path": "train/shape09108_rank00_11",
            "rotation": 0.06283185307179587,
            "transform_matrix": [
                [
                    -0.7705131769180298,
                    0.37127336859703064,
                    -0.5181365013122559,
                    -0.8192459344863892
                ],
                [
                    -0.637424111366272,
                    -0.44879233837127686,
                    0.6263192892074585,
                    0.9902979731559753
                ],
                [
                    -2.980232594040899e-08,
                    0.8128600716590881,
                    0.5824589133262634,
                    0.9209486246109009
                ],
                [
                    0.0,
                    0.0,
                    0.0,
                    1.0
                ]
            ]
        },
        {
            "file_path": "train/shape09108_rank00_41",
            "rotation": 0.06283185307179587,
            "transform_matrix": [
                [
                    0.8443283438682556,
                    0.3120966851711273,
                    -0.43555155396461487,
                    -0.6886675953865051
                ],
                [
                    -0.5358260869979858,
                    0.4917866289615631,
                    -0.6863207221031189,
                    -1.085168480873108
                ],
                [
                    1.4901161193847656e-08,
                    0.8128599524497986,
                    0.5824589729309082,
                    0.9209486246109009
                ],
                [
                    0.0,
                    0.0,
                    0.0,
                    1.0
                ]
            ]
        },
        {
            "file_path": "train/shape09108_rank00_55",
            "rotation": 0.06283185307179587,
            "transform_matrix": [
                [
                    0.9510562419891357,
                    -0.17999039590358734,
                    0.2511884272098541,
                    0.39716383814811707
                ],
                [
                    0.3090181052684784,
                    0.5539512634277344,
                    -0.7730754613876343,
                    -1.2223397493362427
                ],
                [
                    0.0,
                    0.8128600120544434,
                    0.5824589729309082,
                    0.9209486246109009
                ],
                [
                    0.0,
                    0.0,
                    0.0,
                    1.0
                ]
            ]
        },
        {
            "file_path": "train/shape09108_rank00_12",
            "rotation": 0.06283185307179587,
            "transform_matrix": [
                [
                    -0.7289685606956482,
                    0.3987206518650055,
                    -0.5564410090446472,
                    -0.879810631275177
                ],
                [
                    -0.6845471858978271,
                    -0.42459428310394287,
                    0.5925493836402893,
                    0.9369029402732849
                ],
                [
                    0.0,
                    0.8128599524497986,
                    0.5824589729309082,
                    0.9209486246109009
                ],
                [
                    0.0,
                    0.0,
                    0.0,
                    1.0
                ]
            ]
        },
        {
            "file_path": "train/shape09108_rank00_18",
            "rotation": 0.06283185307179587,
            "transform_matrix": [
                [
                    -0.4257791042327881,
                    0.5270247459411621,
                    -0.735497772693634,
                    -1.1629241704940796
                ],
                [
                    -0.9048272371292114,
                    -0.24799886345863342,
                    0.34609875082969666,
                    0.5472302436828613
                ],
                [
                    0.0,
                    0.8128600120544434,
                    0.5824589729309082,
                    0.9209486246109009
                ],
                [
                    0.0,
                    0.0,
                    0.0,
                    1.0
                ]
            ]
        },
        {
            "file_path": "train/shape09108_rank00_94",
            "rotation": 0.06283185307179587,
            "transform_matrix": [
                [
                    -0.9297772645950317,
                    -0.21441642940044403,
                    0.29923227429389954,
                    0.4731278121471405
                ],
                [
                    0.36812278628349304,
                    -0.5415570735931396,
                    0.7557786107063293,
                    1.194991111755371
                ],
                [
                    -1.4901162970204496e-08,
                    0.8128600120544434,
                    0.5824589729309082,
                    0.9209486246109009
                ],
                [
                    0.0,
                    0.0,
                    0.0,
                    1.0
                ]
            ]
        },
        {
            "file_path": "train/shape09108_rank00_73",
            "rotation": 0.06283185307179587,
            "transform_matrix": [
                [
                    0.125331848859787,
                    -0.5778663158416748,
                    0.8064505457878113,
                    1.2751103639602661
                ],
                [
                    0.9921149015426636,
                    0.07300066947937012,
                    -0.10187724977731705,
                    -0.16108208894729614
                ],
                [
                    3.725290298461914e-09,
                    0.8128600120544434,
                    0.5824589729309082,
                    0.9209486246109009
                ],
                [
                    0.0,
                    0.0,
                    0.0,
                    1.0
                ]
            ]
        },
        {
            "file_path": "train/shape09108_rank00_96",
            "rotation": 0.06283185307179587,
            "transform_matrix": [
                [
                    -0.9685835838317871,
                    -0.14485053718090057,
                    0.20214848220348358,
                    0.3196248710155487
                ],
                [
                    0.24868793785572052,
                    -0.5641602277755737,
                    0.7873228788375854,
                    1.244866967201233
                ],
                [
                    -7.450580152834618e-09,
                    0.8128600716590881,
                    0.5824589729309082,
                    0.9209486246109009
                ],
                [
                    0.0,
                    0.0,
                    0.0,
                    1.0
                ]
            ]
        },
        {
            "file_path": "train/shape09108_rank00_46",
            "rotation": 0.06283185307179587,
            "transform_matrix": [
                [
                    0.9685834646224976,
                    0.14485113322734833,
                    -0.20214930176734924,
                    -0.3196261525154114
                ],
                [
                    -0.24868899583816528,
                    0.564160168170929,
                    -0.7873226404190063,
                    -1.2448666095733643
                ],
                [
                    7.450581485102248e-09,
                    0.8128600120544434,
                    0.5824589729309082,
                    0.9209486246109009
                ],
                [
                    0.0,
                    0.0,
                    0.0,
                    1.0
                ]
            ]
        },
        {
            "file_path": "train/shape09108_rank00_47",
            "rotation": 0.06283185307179587,
            "transform_matrix": [
                [
                    0.9822873473167419,
                    0.10914138704538345,
                    -0.15231400728225708,
                    -0.24082961678504944
                ],
                [
                    -0.1873803585767746,
                    0.5721421837806702,
                    -0.7984620928764343,
                    -1.2624796628952026
                ],
                [
                    0.0,
                    0.8128600120544434,
                    0.5824589729309082,
                    0.9209486246109009
                ],
                [
                    0.0,
                    0.0,
                    0.0,
                    1.0
                ]
            ]
        },
        {
            "file_path": "train/shape09108_rank00_8",
            "rotation": 0.06283185307179587,
            "transform_matrix": [
                [
                    -0.8763067722320557,
                    0.2806017994880676,
                    -0.39159825444221497,
                    -0.6191713213920593
                ],
                [
                    -0.48175370693206787,
                    -0.5104127526283264,
                    0.7123146057128906,
                    1.1262683868408203
                ],
                [
                    0.0,
                    0.8128600120544434,
                    0.5824589729309082,
                    0.9209486246109009
                ],
                [
                    0.0,
                    0.0,
                    0.0,
                    1.0
                ]
            ]
        },
        {
            "file_path": "train/shape09108_rank00_19",
            "rotation": 0.06283185307179587,
            "transform_matrix": [
                [
                    -0.3681243360042572,
                    0.5415567755699158,
                    -0.7557781934738159,
                    -1.1949903964996338
                ],
                [
                    -0.929776668548584,
                    -0.21441732347011566,
                    0.2992335259914398,
                    0.4731297791004181
                ],
                [
                    1.4901162970204496e-08,
                    0.8128600120544434,
                    0.5824589729309082,
                    0.9209486246109009
                ],
                [
                    0.0,
                    0.0,
                    0.0,
                    1.0
                ]
            ]
        },
        {
            "file_path": "train/shape09108_rank00_83",
            "rotation": 0.06283185307179587,
            "transform_matrix": [
                [
                    -0.4817551374435425,
                    -0.5104122757911682,
                    0.7123140096664429,
                    1.1262673139572144
                ],
                [
                    0.876305878162384,
                    -0.2806026339530945,
                    0.39159947633743286,
                    0.6191731691360474
                ],
                [
                    -1.4901161193847656e-08,
                    0.8128600120544434,
                    0.582459032535553,
                    0.9209486246109009
                ],
                [
                    0.0,
                    0.0,
                    0.0,
                    1.0
                ]
            ]
        },
        {
            "file_path": "train/shape09108_rank00_30",
            "rotation": 0.06283185307179587,
            "transform_matrix": [
                [
                    0.309017539024353,
                    0.5539513230323792,
                    -0.7730756402015686,
                    -1.2223399877548218
                ],
                [
                    -0.9510563611984253,
                    0.1799900233745575,
                    -0.2511879503726959,
                    -0.397163063287735
                ],
                [
                    0.0,
                    0.8128599524497986,
                    0.5824589729309082,
                    0.9209486246109009
                ],
                [
                    0.0,
                    0.0,
                    0.0,
                    1.0
                ]
            ]
        }
    ]
}