{
    "shape09194_rank07_99.png": {
        "K": [
            274.49688720703125,
            0.0,
            128.0,
            0.0,
            0.0,
            274.49688720703125,
            128.0,
            0.0,
            0.0,
            0.0,
            1.0,
            0.0,
            0.0,
            0.0,
            0.0,
            1.0
        ],
        "W2C": [
            -0.998026748323292,
            0.06278845842725589,
            -2.6468339823890715e-10,
            -1.8516375119295482e-09,
            0.03657170957587543,
            0.5813097766132221,
            -0.8128601083664947,
            3.96141417266353e-08,
            -0.05103823903185715,
            -0.8112562326020526,
            -0.582459088590396,
            1.5811389904012911,
            0.0,
            0.0,
            0.0,
            1.0
        ],
        "img_size": [
            256,
            256
        ]
    },
    "shape09194_rank07_96.png": {
        "K": [
            274.49688720703125,
            0.0,
            128.0,
            0.0,
            0.0,
            274.49688720703125,
            128.0,
            0.0,
            0.0,
            0.0,
            1.0,
            0.0,
            0.0,
            0.0,
            0.0,
            1.0
        ],
        "W2C": [
            -0.9685836694618734,
            0.24868796326475337,
            -8.39715671742981e-09,
            7.544022992404322e-09,
            0.14485055073218583,
            0.5641602923275991,
            -0.8128601021642193,
            4.236968907068466e-08,
            -0.20214852427980204,
            -0.7873230541782581,
            -0.582459014063849,
            1.5811389865557384,
            0.0,
            0.0,
            0.0,
            1.0
        ],
        "img_size": [
            256,
            256
        ]
    },
    "shape09194_rank07_65.png": {
        "K": [
            274.49688720703125,
            0.0,
            128.0,
            0.0,
            0.0,
            274.49688720703125,
            128.0,
            0.0,
            0.0,
            0.0,
            1.0,
            0.0,
            0.0,
            0.0,
            0.0,
            1.0
        ],
        "W2C": [
            0.5877842469425447,
            0.8090175973479016,
            1.6827791869053653e-09,
            -7.629692284637725e-09,
            0.47121968781509455,
            -0.34236028625547504,
            -0.8128601084344483,
            2.3318827228566662e-08,
            -0.6576181666378201,
            0.47778636928529633,
            -0.5824590288909117,
            1.581138851340149,
            0.0,
            0.0,
            0.0,
            1.0
        ],
        "img_size": [
            256,
            256
        ]
    },
    "shape09194_rank07_19.png": {
        "K": [
            274.49688720703125,
            0.0,
            128.0,
            0.0,
            0.0,
            274.49688720703125,
            128.0,
            0.0,
            0.0,
            0.0,
            1.0,
            0.0,
            0.0,
            0.0,
            0.0,
            1.0
        ],
        "W2C": [
            -0.3681243004629472,
            -0.929776560283556,
            9.455987133236856e-09,
            -3.39001403990684e-08,
            -0.5415567913826674,
            0.21441731709143433,
            -0.8128600905885991,
            -3.0355507794820614e-10,
            0.7557782262723018,
            -0.2992335375960308,
            -0.5824590537959716,
            1.5811388843067413,
            0.0,
            0.0,
            0.0,
            1.0
        ],
        "img_size": [
            256,
            256
        ]
    },
    "shape09194_rank07_52.png": {
        "K": [
            274.49688720703125,
            0.0,
            128.0,
            0.0,
            0.0,
            274.49688720703125,
            128.0,
            0.0,
            0.0,
            0.0,
            1.0,
            0.0,
            0.0,
            0.0,
            0.0,
            1.0
        ],
        "W2C": [
            0.9921145273420173,
            0.1253343108291237,
            -3.2452834290062657e-09,
            -7.535755157778078e-09,
            0.07300209546704531,
            -0.5778661042095177,
            -0.8128601050774766,
            5.1121138451025115e-08,
            -0.10187925786198801,
            0.8064503592468738,
            -0.5824590931804383,
            1.5811389743425164,
            0.0,
            0.0,
            0.0,
            1.0
        ],
        "img_size": [
            256,
            256
        ]
    },
    "shape09194_rank07_87.png": {
        "K": [
            274.49688720703125,
            0.0,
            128.0,
            0.0,
            0.0,
            274.49688720703125,
            128.0,
            0.0,
            0.0,
            0.0,
            1.0,
            0.0,
            0.0,
            0.0,
            0.0,
            1.0
        ],
        "W2C": [
            -0.684548444754167,
            0.7289674904217974,
            8.663456288186848e-09,
            -5.236114464532078e-08,
            0.42459370034004434,
            0.39872141893293805,
            -0.8128601007838404,
            2.6113992103986472e-08,
            -0.592548585250466,
            -0.5564421057320348,
            -0.5824590991724916,
            1.5811390092416426,
            0.0,
            0.0,
            0.0,
            1.0
        ],
        "img_size": [
            256,
            256
        ]
    },
    "shape09194_rank07_36.png": {
        "K": [
            274.49688720703125,
            0.0,
            128.0,
            0.0,
            0.0,
            274.49688720703125,
            128.0,
            0.0,
            0.0,
            0.0,
            1.0,
            0.0,
            0.0,
            0.0,
            0.0,
            1.0
        ],
        "W2C": [
            0.637424454480781,
            -0.7705127764208385,
            2.7459651998180892e-09,
            -2.611936080953445e-08,
            -0.44879217075671757,
            -0.3712736773541238,
            -0.8128601082893792,
            3.462114279292822e-08,
            0.626319103064718,
            0.5181368946314913,
            -0.5824590290933652,
            1.5811388355670213,
            0.0,
            0.0,
            0.0,
            1.0
        ],
        "img_size": [
            256,
            256
        ]
    },
    "shape09194_rank07_79.png": {
        "K": [
            274.49688720703125,
            0.0,
            128.0,
            0.0,
            0.0,
            274.49688720703125,
            128.0,
            0.0,
            0.0,
            0.0,
            1.0,
            0.0,
            0.0,
            0.0,
            0.0,
            1.0
        ],
        "W2C": [
            -0.24869137539954886,
            0.9685827478686203,
            6.887451036183431e-10,
            2.0055748431026136e-09,
            0.564159806748722,
            0.14485254084096613,
            -0.8128600752449748,
            2.391169513411033e-08,
            -0.7873223156076199,
            -0.20215129917497465,
            -0.5824591348136672,
            1.5811390123150937,
            0.0,
            0.0,
            0.0,
            1.0
        ],
        "img_size": [
            256,
            256
        ]
    },
    "shape09194_rank07_75.png": {
        "K": [
            274.49688720703125,
            0.0,
            128.0,
            0.0,
            0.0,
            274.49688720703125,
            128.0,
            0.0,
            0.0,
            0.0,
            1.0,
            0.0,
            0.0,
            0.0,
            0.0,
            1.0
        ],
        "W2C": [
            -1.4424365483515163e-06,
            0.9999999999979193,
            3.615143661421495e-14,
            8.265494247483526e-14,
            0.5824590769297201,
            8.401603228642717e-07,
            -0.812860074011124,
            -6.914128446364282e-09,
            -0.8128600740094328,
            -1.172499166504781e-06,
            -0.582459076930932,
            1.5811388935322335,
            0.0,
            0.0,
            0.0,
            1.0
        ],
        "img_size": [
            256,
            256
        ]
    },
    "shape09194_rank07_45.png": {
        "K": [
            274.49688720703125,
            0.0,
            128.0,
            0.0,
            0.0,
            274.49688720703125,
            128.0,
            0.0,
            0.0,
            0.0,
            1.0,
            0.0,
            0.0,
            0.0,
            0.0,
            1.0
        ],
        "W2C": [
            0.9510568135044954,
            -0.30901615874708016,
            -4.1010594648947945e-09,
            -2.2976353307518432e-08,
            -0.1799892558612716,
            -0.553951671137265,
            -0.8128601097181818,
            2.3215441621579817e-08,
            0.2511868583792323,
            0.7730761161394311,
            -0.5824590270993771,
            1.5811388514844311,
            0.0,
            0.0,
            0.0,
            1.0
        ],
        "img_size": [
            256,
            256
        ]
    },
    "shape09194_rank07_93.png": {
        "K": [
            274.49688720703125,
            0.0,
            128.0,
            0.0,
            0.0,
            274.49688720703125,
            128.0,
            0.0,
            0.0,
            0.0,
            1.0,
            0.0,
            0.0,
            0.0,
            0.0,
            1.0
        ],
        "W2C": [
            -0.9048278560928998,
            0.4257776021188592,
            1.5142594662589364e-08,
            8.357481908582761e-09,
            0.24799803070375848,
            0.5270252014813157,
            -0.8128600644344461,
            2.353961583496497e-08,
            -0.3460976031288374,
            -0.7354983569926004,
            -0.5824590306911729,
            1.5811386892297263,
            0.0,
            0.0,
            0.0,
            1.0
        ],
        "img_size": [
            256,
            256
        ]
    },
    "shape09194_rank07_5.png": {
        "K": [
            274.49688720703125,
            0.0,
            128.0,
            0.0,
            0.0,
            274.49688720703125,
            128.0,
            0.0,
            0.0,
            0.0,
            1.0,
            0.0,
            0.0,
            0.0,
            0.0,
            1.0
        ],
        "W2C": [
            -0.9510564230671075,
            -0.30901698685318313,
            8.833827332106773e-09,
            3.517642149500486e-08,
            -0.1799897492165931,
            0.5539514684182514,
            -0.8128601043815428,
            -1.6132492720303047e-09,
            0.25118757122020535,
            -0.7730758253260521,
            -0.582459034547009,
            1.5811388861345068,
            0.0,
            0.0,
            0.0,
            1.0
        ],
        "img_size": [
            256,
            256
        ]
    },
    "shape09194_rank07_30.png": {
        "K": [
            274.49688720703125,
            0.0,
            128.0,
            0.0,
            0.0,
            274.49688720703125,
            128.0,
            0.0,
            0.0,
            0.0,
            1.0,
            0.0,
            0.0,
            0.0,
            0.0,
            1.0
        ],
        "W2C": [
            0.3090175031495611,
            -0.9510563291133477,
            -9.902399194311957e-09,
            1.510561560128507e-08,
            -0.5539513889426176,
            -0.17999006361144068,
            -0.8128600668556569,
            2.1569682485972036e-08,
            0.7730756353015918,
            0.25118798427419814,
            -0.5824590273122144,
            1.5811386919788977,
            0.0,
            0.0,
            0.0,
            1.0
        ],
        "img_size": [
            256,
            256
        ]
    },
    "shape09194_rank07_98.png": {
        "K": [
            274.49688720703125,
            0.0,
            128.0,
            0.0,
            0.0,
            274.49688720703125,
            128.0,
            0.0,
            0.0,
            0.0,
            1.0,
            0.0,
            0.0,
            0.0,
            0.0,
            1.0
        ],
        "W2C": [
            -0.9921148928344122,
            0.12533119944009935,
            -4.162817792860312e-09,
            3.871429511988274e-09,
            0.07300030053089321,
            0.5778663122245243,
            -0.8128600942698344,
            1.2155980448069739e-08,
            -0.10187673726415837,
            -0.806450627757109,
            -0.5824589654763421,
            1.581138866918637,
            0.0,
            0.0,
            0.0,
            1.0
        ],
        "img_size": [
            256,
            256
        ]
    },
    "shape09194_rank07_39.png": {
        "K": [
            274.49688720703125,
            0.0,
            128.0,
            0.0,
            0.0,
            274.49688720703125,
            128.0,
            0.0,
            0.0,
            0.0,
            1.0,
            0.0,
            0.0,
            0.0,
            0.0,
            1.0
        ],
        "W2C": [
            0.7705137363815144,
            -0.6374234178807309,
            3.783197046147667e-10,
            -2.586790295445245e-08,
            -0.3712730402448308,
            -0.4487927030212616,
            -0.8128600950956619,
            1.3427446757639547e-08,
            0.5181360252156133,
            0.6263198295676553,
            -0.5824590475060683,
            1.581138865144223,
            0.0,
            0.0,
            0.0,
            1.0
        ],
        "img_size": [
            256,
            256
        ]
    },
    "shape09194_rank07_42.png": {
        "K": [
            274.49688720703125,
            0.0,
            128.0,
            0.0,
            0.0,
            274.49688720703125,
            128.0,
            0.0,
            0.0,
            0.0,
            1.0,
            0.0,
            0.0,
            0.0,
            0.0,
            1.0
        ],
        "W2C": [
            0.8763070208830154,
            -0.48175291832921746,
            -1.9620545253242534e-08,
            -1.0906330216234082e-08,
            -0.28060140284279217,
            -0.5104129916849979,
            -0.8128601059608151,
            1.8078875668910501e-09,
            0.39159772763482015,
            0.7123150329132282,
            -0.5824590323430291,
            1.5811388813600853,
            0.0,
            0.0,
            0.0,
            1.0
        ],
        "img_size": [
            256,
            256
        ]
    },
    "shape09194_rank07_55.png": {
        "K": [
            274.49688720703125,
            0.0,
            128.0,
            0.0,
            0.0,
            274.49688720703125,
            128.0,
            0.0,
            0.0,
            0.0,
            1.0,
            0.0,
            0.0,
            0.0,
            0.0,
            1.0
        ],
        "W2C": [
            0.9510560798668284,
            0.3090180708925459,
            1.1747185360109407e-08,
            -2.247740216454187e-08,
            0.1799903809019882,
            -0.5539512809649586,
            -0.8128600722339483,
            2.5096998991847565e-08,
            -0.25118847848366666,
            0.7730756428335834,
            -0.5824591390157539,
            1.5811390106609238,
            0.0,
            0.0,
            0.0,
            1.0
        ],
        "img_size": [
            256,
            256
        ]
    },
    "shape09194_rank07_27.png": {
        "K": [
            274.49688720703125,
            0.0,
            128.0,
            0.0,
            0.0,
            274.49688720703125,
            128.0,
            0.0,
            0.0,
            0.0,
            1.0,
            0.0,
            0.0,
            0.0,
            0.0,
            1.0
        ],
        "W2C": [
            0.12533368205132553,
            -0.9921146243520838,
            -2.30888574935767e-09,
            2.2564273461708695e-09,
            -0.5778661469895073,
            -0.07300174063365979,
            -0.8128600969461053,
            3.718438023427692e-08,
            0.8064504189491821,
            0.1018787626685364,
            -0.5824591045283048,
            1.5811389937921838,
            0.0,
            0.0,
            0.0,
            1.0
        ],
        "img_size": [
            256,
            256
        ]
    },
    "shape09194_rank07_11.png": {
        "K": [
            274.49688720703125,
            0.0,
            128.0,
            0.0,
            0.0,
            274.49688720703125,
            128.0,
            0.0,
            0.0,
            0.0,
            1.0,
            0.0,
            0.0,
            0.0,
            0.0,
            1.0
        ],
        "W2C": [
            -0.7705131520289408,
            -0.6374240574335361,
            -2.431858040760098e-08,
            7.245448969842906e-09,
            -0.3712733922966213,
            0.44879235053652516,
            -0.8128600869551275,
            6.756217965713612e-09,
            0.5181366469672835,
            -0.6263194150564223,
            -0.5824590352891427,
            1.5811390362566955,
            0.0,
            0.0,
            0.0,
            1.0
        ],
        "img_size": [
            256,
            256
        ]
    },
    "shape09194_rank07_74.png": {
        "K": [
            274.49688720703125,
            0.0,
            128.0,
            0.0,
            0.0,
            274.49688720703125,
            128.0,
            0.0,
            0.0,
            0.0,
            1.0,
            0.0,
            0.0,
            0.0,
            0.0,
            1.0
        ],
        "W2C": [
            0.06278910554096571,
            0.9980268470514274,
            6.811991220321921e-10,
            5.687396436577642e-10,
            0.5813097410518069,
            -0.03657207842235852,
            -0.8128601004422401,
            1.7920237136598943e-08,
            -0.8112560999556557,
            0.05103874855857749,
            -0.5824590400445657,
            1.5811388588742377,
            0.0,
            0.0,
            0.0,
            1.0
        ],
        "img_size": [
            256,
            256
        ]
    },
    "shape09194_rank07_9.png": {
        "K": [
            274.49688720703125,
            0.0,
            128.0,
            0.0,
            0.0,
            274.49688720703125,
            128.0,
            0.0,
            0.0,
            0.0,
            1.0,
            0.0,
            0.0,
            0.0,
            0.0,
            1.0
        ],
        "W2C": [
            -0.8443278907999108,
            -0.5358268749168016,
            -1.3350823964999083e-09,
            3.901664803140324e-09,
            -0.3120972093740707,
            0.4917864143340013,
            -0.8128601013218195,
            1.8336075594626195e-08,
            0.43555224866133413,
            -0.6863203905406807,
            -0.5824590388170546,
            1.5811388582939077,
            0.0,
            0.0,
            0.0,
            1.0
        ],
        "img_size": [
            256,
            256
        ]
    },
    "shape09194_rank07_16.png": {
        "K": [
            274.49688720703125,
            0.0,
            128.0,
            0.0,
            0.0,
            274.49688720703125,
            128.0,
            0.0,
            0.0,
            0.0,
            1.0,
            0.0,
            0.0,
            0.0,
            0.0,
            1.0
        ],
        "W2C": [
            -0.5358266375009132,
            -0.8443279383071935,
            2.5710855519763246e-09,
            -4.374158156454215e-08,
            -0.49178644063561616,
            0.312097090534325,
            -0.8128600811420283,
            1.0209779662080634e-08,
            0.6863205478052682,
            -0.4355521593216444,
            -0.582459043401709,
            1.5811390314370217,
            0.0,
            0.0,
            0.0,
            1.0
        ],
        "img_size": [
            256,
            256
        ]
    },
    "shape09194_rank07_2.png": {
        "K": [
            274.49688720703125,
            0.0,
            128.0,
            0.0,
            0.0,
            274.49688720703125,
            128.0,
            0.0,
            0.0,
            0.0,
            1.0,
            0.0,
            0.0,
            0.0,
            0.0,
            1.0
        ],
        "W2C": [
            -0.9921146744650884,
            -0.12533324568205637,
            -5.964269279781482e-09,
            2.9107068576757427e-09,
            -0.07300148843306219,
            0.5778662019061197,
            -0.8128600609323259,
            1.5955074693215146e-08,
            0.10187840662579198,
            -0.8064504122610316,
            -0.582459095183258,
            1.5811388616167517,
            0.0,
            0.0,
            0.0,
            1.0
        ],
        "img_size": [
            256,
            256
        ]
    },
    "shape09194_rank07_60.png": {
        "K": [
            274.49688720703125,
            0.0,
            128.0,
            0.0,
            0.0,
            274.49688720703125,
            128.0,
            0.0,
            0.0,
            0.0,
            1.0,
            0.0,
            0.0,
            0.0,
            0.0,
            1.0
        ],
        "W2C": [
            0.8090162579571988,
            0.5877863161142688,
            -5.114347590615143e-09,
            -2.0498701720783892e-08,
            0.3423614461512557,
            -0.47121885253091306,
            -0.8128600983370816,
            2.7603157414010454e-08,
            -0.4777879879963911,
            0.6576170009436307,
            -0.5824590429824534,
            1.5811388453610835,
            0.0,
            0.0,
            0.0,
            1.0
        ],
        "img_size": [
            256,
            256
        ]
    },
    "shape09194_rank07_95.png": {
        "K": [
            274.49688720703125,
            0.0,
            128.0,
            0.0,
            0.0,
            274.49688720703125,
            128.0,
            0.0,
            0.0,
            0.0,
            1.0,
            0.0,
            0.0,
            0.0,
            0.0,
            1.0
        ],
        "W2C": [
            -0.9510570654142274,
            0.30901508280552215,
            -5.099291952726931e-09,
            2.7029425000943942e-08,
            0.17998864405261916,
            0.5539518334058124,
            -0.8128601041074223,
            2.9198116809369143e-08,
            -0.2511860545955223,
            -0.7730764138013253,
            -0.5824590945342132,
            1.5811390049375427,
            0.0,
            0.0,
            0.0,
            1.0
        ],
        "img_size": [
            256,
            256
        ]
    },
    "shape09194_rank07_76.png": {
        "K": [
            274.49688720703125,
            0.0,
            128.0,
            0.0,
            0.0,
            274.49688720703125,
            128.0,
            0.0,
            0.0,
            0.0,
            1.0,
            0.0,
            0.0,
            0.0,
            0.0,
            1.0
        ],
        "W2C": [
            -0.06279198774143428,
            0.9980266631259838,
            1.9304731249529173e-09,
            -1.7100203515993584e-09,
            0.5813096186160204,
            0.03657375823676495,
            -0.8128601052687657,
            4.701934419402565e-08,
            -0.8112559887762616,
            -0.0510410934015258,
            -0.5824589501266065,
            1.581138818264509,
            0.0,
            0.0,
            0.0,
            1.0
        ],
        "img_size": [
            256,
            256
        ]
    },
    "shape09194_rank07_92.png": {
        "K": [
            274.49688720703125,
            0.0,
            128.0,
            0.0,
            0.0,
            274.49688720703125,
            128.0,
            0.0,
            0.0,
            0.0,
            1.0,
            0.0,
            0.0,
            0.0,
            0.0,
            1.0
        ],
        "W2C": [
            -0.8763075181278127,
            0.4817519917285481,
            -1.8163049449145306e-08,
            7.4456983860634244e-09,
            0.28060083179122375,
            0.5104133009515195,
            -0.8128601069391008,
            3.824198039044268e-08,
            -0.3915969531133975,
            -0.7123154521902625,
            -0.5824590309777674,
            1.5811388305139038,
            0.0,
            0.0,
            0.0,
            1.0
        ],
        "img_size": [
            256,
            256
        ]
    },
    "shape09194_rank07_59.png": {
        "K": [
            274.49688720703125,
            0.0,
            128.0,
            0.0,
            0.0,
            274.49688720703125,
            128.0,
            0.0,
            0.0,
            0.0,
            1.0,
            0.0,
            0.0,
            0.0,
            0.0,
            1.0
        ],
        "W2C": [
            0.8443271767393341,
            0.5358278321113806,
            -1.1054326248811283e-08,
            3.9348673094464227e-08,
            0.3120977770248067,
            -0.49178606635698324,
            -0.8128601108897622,
            3.356415446283175e-08,
            -0.4355530854267438,
            0.686319975148814,
            -0.5824590850690095,
            1.5811389988444484,
            0.0,
            0.0,
            0.0,
            1.0
        ],
        "img_size": [
            256,
            256
        ]
    },
    "shape09194_rank07_44.png": {
        "K": [
            274.49688720703125,
            0.0,
            128.0,
            0.0,
            0.0,
            274.49688720703125,
            128.0,
            0.0,
            0.0,
            0.0,
            1.0,
            0.0,
            0.0,
            0.0,
            0.0,
            1.0
        ],
        "W2C": [
            0.9297767235848947,
            -0.36812370153227514,
            -3.684371661598995e-09,
            -9.324588979565207e-09,
            -0.21441698666663664,
            -0.5415569305228004,
            -0.812860092100874,
            2.178773142093815e-08,
            0.2992330526797712,
            0.7557784298693329,
            -0.5824590516854925,
            1.5811388534768942,
            0.0,
            0.0,
            0.0,
            1.0
        ],
        "img_size": [
            256,
            256
        ]
    },
    "shape09194_rank07_86.png": {
        "K": [
            274.49688720703125,
            0.0,
            128.0,
            0.0,
            0.0,
            274.49688720703125,
            128.0,
            0.0,
            0.0,
            0.0,
            1.0,
            0.0,
            0.0,
            0.0,
            0.0,
            1.0
        ],
        "W2C": [
            -0.6374252544673991,
            0.7705121292421042,
            -2.0989664505407705e-09,
            -5.781278831726969e-08,
            0.4487918005391881,
            0.3712741068945157,
            -0.8128600961555004,
            1.4339668887593543e-08,
            -0.6263186178799167,
            -0.5181375865302441,
            -0.582459105631646,
            1.581139025673491,
            0.0,
            0.0,
            0.0,
            1.0
        ],
        "img_size": [
            256,
            256
        ]
    },
    "shape09194_rank07_77.png": {
        "K": [
            274.49688720703125,
            0.0,
            128.0,
            0.0,
            0.0,
            274.49688720703125,
            128.0,
            0.0,
            0.0,
            0.0,
            1.0,
            0.0,
            0.0,
            0.0,
            0.0,
            1.0
        ],
        "W2C": [
            -0.12533471070989646,
            0.9921144837201772,
            -3.478497844446207e-10,
            -1.0870808608562243e-08,
            0.5778661029988822,
            0.0730023457730183,
            -0.8128601050885751,
            4.42555865337241e-08,
            -0.8064502758326679,
            -0.10187959040953867,
            -0.5824590335602986,
            1.58113882212152,
            0.0,
            0.0,
            0.0,
            1.0
        ],
        "img_size": [
            256,
            256
        ]
    },
    "shape09194_rank07_53.png": {
        "K": [
            274.49688720703125,
            0.0,
            128.0,
            0.0,
            0.0,
            274.49688720703125,
            128.0,
            0.0,
            0.0,
            0.0,
            1.0,
            0.0,
            0.0,
            0.0,
            0.0,
            1.0
        ],
        "W2C": [
            0.982287037580802,
            0.18738240244955623,
            1.418384669369445e-09,
            -5.363926256960017e-09,
            0.10914257305626193,
            -0.5721419728812408,
            -0.8128601083948934,
            1.63127295258262e-08,
            -0.15231567779571284,
            0.7984619562694342,
            -0.5824590885507638,
            1.5811390229199527,
            0.0,
            0.0,
            0.0,
            1.0
        ],
        "img_size": [
            256,
            256
        ]
    },
    "shape09194_rank07_91.png": {
        "K": [
            274.49688720703125,
            0.0,
            128.0,
            0.0,
            0.0,
            274.49688720703125,
            128.0,
            0.0,
            0.0,
            0.0,
            1.0,
            0.0,
            0.0,
            0.0,
            0.0,
            1.0
        ],
        "W2C": [
            -0.8443288962366616,
            0.5358251750093336,
            1.297059467090723e-09,
            1.886908766173744e-08,
            0.3120962298833952,
            0.49178706229003627,
            -0.8128601023696619,
            1.5508893119569794e-08,
            -0.4355508817174671,
            -0.6863212948060813,
            -0.5824590373547214,
            1.5811388622394273,
            0.0,
            0.0,
            0.0,
            1.0
        ],
        "img_size": [
            256,
            256
        ]
    },
    "shape09194_rank07_88.png": {
        "K": [
            274.49688720703125,
            0.0,
            128.0,
            0.0,
            0.0,
            274.49688720703125,
            128.0,
            0.0,
            0.0,
            0.0,
            1.0,
            0.0,
            0.0,
            0.0,
            0.0,
            1.0
        ],
        "W2C": [
            -0.7289697968061679,
            0.68454589359507,
            1.663453515260965e-08,
            -6.302676363194711e-08,
            0.39871995440251595,
            0.42459506293411026,
            -0.812860092065088,
            2.107810937054264e-08,
            -0.556440023590313,
            -0.5925504086903848,
            -0.5824590517354338,
            1.581138854467217,
            0.0,
            0.0,
            0.0,
            1.0
        ],
        "img_size": [
            256,
            256
        ]
    },
    "shape09194_rank07_57.png": {
        "K": [
            274.49688720703125,
            0.0,
            128.0,
            0.0,
            0.0,
            274.49688720703125,
            128.0,
            0.0,
            0.0,
            0.0,
            1.0,
            0.0,
            0.0,
            0.0,
            0.0,
            1.0
        ],
        "W2C": [
            0.9048265936539122,
            0.4257804266521735,
            -1.161993243459786e-09,
            4.645210385803056e-09,
            0.24799965596421136,
            -0.5270243977158773,
            -0.8128600920043638,
            9.303283114440515e-09,
            -0.34609988355577914,
            0.735497321443229,
            -0.5824590518201788,
            1.5811388708997656,
            0.0,
            0.0,
            0.0,
            1.0
        ],
        "img_size": [
            256,
            256
        ]
    },
    "shape09194_rank07_3.png": {
        "K": [
            274.49688720703125,
            0.0,
            128.0,
            0.0,
            0.0,
            274.49688720703125,
            128.0,
            0.0,
            0.0,
            0.0,
            1.0,
            0.0,
            0.0,
            0.0,
            0.0,
            1.0
        ],
        "W2C": [
            -0.9822872084457733,
            -0.18738131489903176,
            6.069960989636444e-09,
            -3.233613801129863e-09,
            -0.10914195789384623,
            0.572142085033704,
            -0.8128601121778182,
            4.282423672949447e-08,
            0.15231480673086,
            -0.7984621151825194,
            -0.5824590832714421,
            1.5811389859213913,
            0.0,
            0.0,
            0.0,
            1.0
        ],
        "img_size": [
            256,
            256
        ]
    },
    "shape09194_rank07_13.png": {
        "K": [
            274.49688720703125,
            0.0,
            128.0,
            0.0,
            0.0,
            274.49688720703125,
            128.0,
            0.0,
            0.0,
            0.0,
            1.0,
            0.0,
            0.0,
            0.0,
            0.0,
            1.0
        ],
        "W2C": [
            -0.6845469943274768,
            -0.7289686569826977,
            -1.7794632612088593e-08,
            2.720842249574595e-09,
            -0.42459439966531426,
            0.3987206133576753,
            -0.8128600913598866,
            2.6267340472546376e-08,
            0.5925495180807862,
            -0.5564409059069938,
            -0.5824590527195889,
            1.5811388472253043,
            0.0,
            0.0,
            0.0,
            1.0
        ],
        "img_size": [
            256,
            256
        ]
    },
    "shape09194_rank07_64.png": {
        "K": [
            274.49688720703125,
            0.0,
            128.0,
            0.0,
            0.0,
            274.49688720703125,
            128.0,
            0.0,
            0.0,
            0.0,
            1.0,
            0.0,
            0.0,
            0.0,
            0.0,
            1.0
        ],
        "W2C": [
            0.6374231844566647,
            0.7705140465273347,
            1.6192017603569833e-08,
            -2.0710775812021684e-08,
            0.4487928603268236,
            -0.3712728601936448,
            -0.812860089884404,
            -6.184795790165651e-10,
            -0.6263200327906278,
            0.5181357936545105,
            -0.5824590547787223,
            1.5811388847462395,
            0.0,
            0.0,
            0.0,
            1.0
        ],
        "img_size": [
            256,
            256
        ]
    },
    "shape09194_rank07_63.png": {
        "K": [
            274.49688720703125,
            0.0,
            128.0,
            0.0,
            0.0,
            274.49688720703125,
            128.0,
            0.0,
            0.0,
            0.0,
            1.0,
            0.0,
            0.0,
            0.0,
            0.0,
            1.0
        ],
        "W2C": [
            0.6845460330272399,
            0.7289696171634117,
            -2.9873666681514085e-09,
            6.01433287058329e-09,
            0.4245949286647489,
            -0.3987200142865406,
            -0.8128600916347877,
            5.0888563514803e-08,
            -0.5925502822714768,
            0.5564401293151667,
            -0.582458969153724,
            1.5811388128647577,
            0.0,
            0.0,
            0.0,
            1.0
        ],
        "img_size": [
            256,
            256
        ]
    },
    "shape09194_rank07_32.png": {
        "K": [
            274.49688720703125,
            0.0,
            128.0,
            0.0,
            0.0,
            274.49688720703125,
            128.0,
            0.0,
            0.0,
            0.0,
            1.0,
            0.0,
            0.0,
            0.0,
            0.0,
            1.0
        ],
        "W2C": [
            0.42577979936858157,
            -0.9048268116827949,
            -5.057283899662252e-09,
            1.2822566547479194e-08,
            -0.5270245467392659,
            -0.24799928089634868,
            -0.8128600865768699,
            3.993732448266995e-08,
            0.735497658612592,
            0.3460994209195931,
            -0.5824590358170276,
            1.5811389899502641,
            0.0,
            0.0,
            0.0,
            1.0
        ],
        "img_size": [
            256,
            256
        ]
    }
}