{
    "camera_angle_x": 0.8726646304130554,
    "frames": [
        {
            "file_path": "train/shape09163_rank00_95",
            "rotation": 0.06283185307179587,
            "transform_matrix": [
                [
                    -0.9510571956634521,
                    -0.17998863756656647,
                    0.2511860430240631,
                    0.39716002345085144
                ],
                [
                    0.3090151250362396,
                    -0.5539517998695374,
                    0.7730763554573059,
                    1.2223410606384277
                ],
                [
                    0.0,
                    0.8128600120544434,
                    0.582459032535553,
                    0.9209486246109009
                ],
                [
                    0.0,
                    0.0,
                    0.0,
                    1.0
                ]
            ]
        },
        {
            "file_path": "train/shape09163_rank00_47",
            "rotation": 0.06283185307179587,
            "transform_matrix": [
                [
                    0.9822874069213867,
                    0.10914138704538345,
                    -0.15231402218341827,
                    -0.24082961678504944
                ],
                [
                    -0.1873803734779358,
                    0.5721421837806702,
                    -0.7984622120857239,
                    -1.2624796628952026
                ],
                [
                    0.0,
                    0.8128600120544434,
                    0.582459032535553,
                    0.9209486246109009
                ],
                [
                    0.0,
                    0.0,
                    0.0,
                    1.0
                ]
            ]
        },
        {
            "file_path": "train/shape09163_rank00_76",
            "rotation": 0.06283185307179587,
            "transform_matrix": [
                [
                    -0.06279198825359344,
                    -0.5813095569610596,
                    0.8112560510635376,
                    1.2827084064483643
                ],
                [
                    0.9980266690254211,
                    -0.036573756486177444,
                    0.051041100174188614,
                    0.08070306479930878
                ],
                [
                    1.862645149230957e-09,
                    0.8128600716590881,
                    0.582459032535553,
                    0.9209486246109009
                ],
                [
                    0.0,
                    0.0,
                    0.0,
                    1.0
                ]
            ]
        },
        {
            "file_path": "train/shape09163_rank00_31",
            "rotation": 0.06283185307179587,
            "transform_matrix": [
                [
                    0.3681250214576721,
                    0.5415565371513367,
                    -0.7557780742645264,
                    -1.1949900388717651
                ],
                [
                    -0.9297763109207153,
                    0.2144177258014679,
                    -0.29923415184020996,
                    -0.4731307625770569
                ],
                [
                    0.0,
                    0.8128600716590881,
                    0.582459032535553,
                    0.9209486246109009
                ],
                [
                    0.0,
                    0.0,
                    0.0,
                    1.0
                ]
            ]
        },
        {
            "file_path": "train/shape09163_rank00_80",
            "rotation": 0.06283185307179587,
            "transform_matrix": [
                [
                    -0.30901846289634705,
                    -0.5539511442184448,
                    0.7730754613876343,
                    1.2223396301269531
                ],
                [
                    0.9510560631752014,
                    -0.17999058961868286,
                    0.2511887848377228,
                    0.39716434478759766
                ],
                [
                    0.0,
                    0.8128600120544434,
                    0.582459032535553,
                    0.9209486246109009
                ],
                [
                    0.0,
                    0.0,
                    0.0,
                    1.0
                ]
            ]
        },
        {
            "file_path": "train/shape09163_rank00_41",
            "rotation": 0.06283185307179587,
            "transform_matrix": [
                [
                    0.8443283438682556,
                    0.3120967149734497,
                    -0.43555158376693726,
                    -0.6886675953865051
                ],
                [
                    -0.5358260869979858,
                    0.4917866587638855,
                    -0.6863207221031189,
                    -1.085168480873108
                ],
                [
                    1.4901161193847656e-08,
                    0.8128600120544434,
                    0.5824589729309082,
                    0.9209486246109009
                ],
                [
                    0.0,
                    0.0,
                    0.0,
                    1.0
                ]
            ]
        },
        {
            "file_path": "train/shape09163_rank00_45",
            "rotation": 0.06283185307179587,
            "transform_matrix": [
                [
                    0.9510568380355835,
                    0.17998923361301422,
                    -0.25118687748908997,
                    -0.3971613049507141
                ],
                [
                    -0.3090161383152008,
                    0.5539515614509583,
                    -0.773076057434082,
                    -1.2223405838012695
                ],
                [
                    -1.4901162970204496e-08,
                    0.8128600120544434,
                    0.582459032535553,
                    0.9209486246109009
                ],
                [
                    0.0,
                    0.0,
                    0.0,
                    1.0
                ]
            ]
        },
        {
            "file_path": "train/shape09163_rank00_29",
            "rotation": 0.06283185307179587,
            "transform_matrix": [
                [
                    0.24869035184383392,
                    0.5641599297523499,
                    -0.787322461605072,
                    -1.244866132736206
                ],
                [
                    -0.9685830473899841,
                    0.1448519378900528,
                    -0.20215046405792236,
                    -0.31962794065475464
                ],
                [
                    -7.450580596923828e-09,
                    0.8128600120544434,
                    0.582459032535553,
                    0.9209486246109009
                ],
                [
                    0.0,
                    0.0,
                    0.0,
                    1.0
                ]
            ]
        },
        {
            "file_path": "train/shape09163_rank00_68",
            "rotation": 0.06283185307179587,
            "transform_matrix": [
                [
                    0.4257781505584717,
                    -0.5270249843597412,
                    0.7354981899261475,
                    1.162924885749817
                ],
                [
                    0.9048275947570801,
                    0.24799831211566925,
                    -0.34609803557395935,
                    -0.5472291111946106
                ],
                [
                    0.0,
                    0.8128600716590881,
                    0.5824589729309082,
                    0.9209486246109009
                ],
                [
                    0.0,
                    0.0,
                    0.0,
                    1.0
                ]
            ]
        },
        {
            "file_path": "train/shape09163_rank00_91",
            "rotation": 0.06283185307179587,
            "transform_matrix": [
                [
                    -0.8443289399147034,
                    -0.3120962083339691,
                    0.43555089831352234,
                    0.6886664628982544
                ],
                [
                    0.5358251333236694,
                    -0.49178698658943176,
                    0.6863212585449219,
                    1.0851691961288452
                ],
                [
                    0.0,
                    0.8128600120544434,
                    0.582459032535553,
                    0.9209486246109009
                ],
                [
                    0.0,
                    0.0,
                    0.0,
                    1.0
                ]
            ]
        },
        {
            "file_path": "train/shape09163_rank00_71",
            "rotation": 0.06283185307179587,
            "transform_matrix": [
                [
                    0.24868859350681305,
                    -0.564160168170929,
                    0.7873228192329407,
                    1.2448667287826538
                ],
                [
                    0.9685835242271423,
                    0.14485090970993042,
                    -0.20214901864528656,
                    -0.3196256756782532
                ],
                [
                    0.0,
                    0.8128600120544434,
                    0.582459032535553,
                    0.9209486246109009
                ],
                [
                    0.0,
                    0.0,
                    0.0,
                    1.0
                ]
            ]
        },
        {
            "file_path": "train/shape09163_rank00_12",
            "rotation": 0.06283185307179587,
            "transform_matrix": [
                [
                    -0.7289685606956482,
                    0.3987206816673279,
                    -0.556441068649292,
                    -0.879810631275177
                ],
                [
                    -0.6845471858978271,
                    -0.42459431290626526,
                    0.5925494432449341,
                    0.9369029402732849
                ],
                [
                    0.0,
                    0.8128600120544434,
                    0.582459032535553,
                    0.9209486246109009
                ],
                [
                    0.0,
                    0.0,
                    0.0,
                    1.0
                ]
            ]
        },
        {
            "file_path": "train/shape09163_rank00_61",
            "rotation": 0.06283185307179587,
            "transform_matrix": [
                [
                    0.7705123424530029,
                    -0.3712739646434784,
                    0.5181373357772827,
                    0.8192470669746399
                ],
                [
                    0.6374249458312988,
                    0.44879189133644104,
                    -0.6263187527656555,
                    -0.9902969002723694
                ],
                [
                    0.0,
                    0.8128600120544434,
                    0.582459032535553,
                    0.9209486246109009
                ],
                [
                    0.0,
                    0.0,
                    0.0,
                    1.0
                ]
            ]
        },
        {
            "file_path": "train/shape09163_rank00_27",
            "rotation": 0.06283185307179587,
            "transform_matrix": [
                [
                    0.12533368170261383,
                    0.5778661370277405,
                    -0.806450366973877,
                    -1.2751100063323975
                ],
                [
                    -0.9921146035194397,
                    0.07300173491239548,
                    -0.10187874734401703,
                    -0.16108444333076477
                ],
                [
                    -3.725290298461914e-09,
                    0.8128600120544434,
                    0.582459032535553,
                    0.9209486246109009
                ],
                [
                    0.0,
                    0.0,
                    0.0,
                    1.0
                ]
            ]
        },
        {
            "file_path": "train/shape09163_rank00_2",
            "rotation": 0.06283185307179587,
            "transform_matrix": [
                [
                    -0.9921146631240845,
                    0.07300148159265518,
                    -0.10187838971614838,
                    -0.1610838770866394
                ],
                [
                    -0.1253332495689392,
                    -0.5778661966323853,
                    0.806450366973877,
                    1.2751100063323975
                ],
                [
                    -7.450580596923828e-09,
                    0.8128600120544434,
                    0.582459032535553,
                    0.9209486246109009
                ],
                [
                    0.0,
                    0.0,
                    0.0,
                    1.0
                ]
            ]
        },
        {
            "file_path": "train/shape09163_rank00_28",
            "rotation": 0.06283185307179587,
            "transform_matrix": [
                [
                    0.187381774187088,
                    0.5721420049667358,
                    -0.7984620332717896,
                    -1.262479305267334
                ],
                [
                    -0.9822871685028076,
                    0.10914221405982971,
                    -0.1523151695728302,
                    -0.2408314347267151
                ],
                [
                    7.450580596923828e-09,
                    0.8128600120544434,
                    0.582459032535553,
                    0.9209486246109009
                ],
                [
                    0.0,
                    0.0,
                    0.0,
                    1.0
                ]
            ]
        },
        {
            "file_path": "train/shape09163_rank00_6",
            "rotation": 0.06283185307179587,
            "transform_matrix": [
                [
                    -0.9297764301300049,
                    0.2144174724817276,
                    -0.2992337644100189,
                    -0.47313010692596436
                ],
                [
                    -0.3681245446205139,
                    -0.5415566563606262,
                    0.7557781338691711,
                    1.1949901580810547
                ],
                [
                    0.0,
                    0.8128600120544434,
                    0.582459032535553,
                    0.9209486246109009
                ],
                [
                    0.0,
                    0.0,
                    0.0,
                    1.0
                ]
            ]
        },
        {
            "file_path": "train/shape09163_rank00_74",
            "rotation": 0.06283185307179587,
            "transform_matrix": [
                [
                    0.06278910487890244,
                    -0.5813097357749939,
                    0.8112561106681824,
                    1.2827086448669434
                ],
                [
                    0.9980268478393555,
                    0.03657208010554314,
                    -0.05103875324130058,
                    -0.0806993618607521
                ],
                [
                    0.0,
                    0.8128600120544434,
                    0.5824589729309082,
                    0.9209486246109009
                ],
                [
                    0.0,
                    0.0,
                    0.0,
                    1.0
                ]
            ]
        },
        {
            "file_path": "train/shape09163_rank00_9",
            "rotation": 0.06283185307179587,
            "transform_matrix": [
                [
                    -0.8443278670310974,
                    0.3120971918106079,
                    -0.4355522692203522,
                    -0.6886686086654663
                ],
                [
                    -0.5358268618583679,
                    -0.491786390542984,
                    0.686320424079895,
                    1.0851678848266602
                ],
                [
                    0.0,
                    0.8128600120544434,
                    0.582459032535553,
                    0.9209486246109009
                ],
                [
                    0.0,
                    0.0,
                    0.0,
                    1.0
                ]
            ]
        },
        {
            "file_path": "train/shape09163_rank00_99",
            "rotation": 0.06283185307179587,
            "transform_matrix": [
                [
                    -0.9980269074440002,
                    -0.03657170757651329,
                    0.0510382354259491,
                    0.08069853484630585
                ],
                [
                    0.0627884641289711,
                    -0.5813097357749939,
                    0.8112561702728271,
                    1.2827086448669434
                ],
                [
                    0.0,
                    0.8128600120544434,
                    0.582459032535553,
                    0.9209486246109009
                ],
                [
                    0.0,
                    0.0,
                    0.0,
                    1.0
                ]
            ]
        },
        {
            "file_path": "train/shape09163_rank00_21",
            "rotation": 0.06283185307179587,
            "transform_matrix": [
                [
                    -0.24868960678577423,
                    0.5641600489616394,
                    -0.7873226404190063,
                    -1.2448663711547852
                ],
                [
                    -0.968583345413208,
                    -0.14485149085521698,
                    0.20214983820915222,
                    0.31962695717811584
                ],
                [
                    0.0,
                    0.8128600120544434,
                    0.582459032535553,
                    0.9209486246109009
                ],
                [
                    0.0,
                    0.0,
                    0.0,
                    1.0
                ]
            ]
        },
        {
            "file_path": "train/shape09163_rank00_85",
            "rotation": 0.06283185307179587,
            "transform_matrix": [
                [
                    -0.5877866148948669,
                    -0.47121867537498474,
                    0.6576167941093445,
                    1.0397834777832031
                ],
                [
                    0.8090160489082336,
                    -0.34236159920692444,
                    0.4777882695198059,
                    0.7554495930671692
                ],
                [
                    -2.980232594040899e-08,
                    0.8128600120544434,
                    0.582459032535553,
                    0.9209486246109009
                ],
                [
                    0.0,
                    0.0,
                    0.0,
                    1.0
                ]
            ]
        },
        {
            "file_path": "train/shape09163_rank00_7",
            "rotation": 0.06283185307179587,
            "transform_matrix": [
                [
                    -0.9048270583152771,
                    0.24799899756908417,
                    -0.34609898924827576,
                    -0.5472305417060852
                ],
                [
                    -0.4257793128490448,
                    -0.5270246863365173,
                    0.735497772693634,
                    1.16292405128479
                ],
                [
                    0.0,
                    0.8128600120544434,
                    0.582459032535553,
                    0.9209486246109009
                ],
                [
                    0.0,
                    0.0,
                    0.0,
                    1.0
                ]
            ]
        },
        {
            "file_path": "train/shape09163_rank00_18",
            "rotation": 0.06283185307179587,
            "transform_matrix": [
                [
                    -0.4257790744304657,
                    0.5270247459411621,
                    -0.735497772693634,
                    -1.1629241704940796
                ],
                [
                    -0.9048271775245667,
                    -0.24799886345863342,
                    0.34609875082969666,
                    0.5472302436828613
                ],
                [
                    0.0,
                    0.8128600120544434,
                    0.5824589729309082,
                    0.9209486246109009
                ],
                [
                    0.0,
                    0.0,
                    0.0,
                    1.0
                ]
            ]
        },
        {
            "file_path": "train/shape09163_rank00_0",
            "rotation": 0.06283185307179587,
            "transform_matrix": [
                [
                    -1.0,
                    0.0,
                    0.0,
                    0.0
                ],
                [
                    0.0,
                    -0.582459032535553,
                    0.8128600120544434,
                    1.2852445840835571
                ],
                [
                    0.0,
                    0.8128600120544434,
                    0.582459032535553,
                    0.9209486246109009
                ],
                [
                    0.0,
                    0.0,
                    0.0,
                    1.0
                ]
            ]
        },
        {
            "file_path": "train/shape09163_rank00_4",
            "rotation": 0.06283185307179587,
            "transform_matrix": [
                [
                    -0.9685831069946289,
                    0.14485163986682892,
                    -0.20215007662773132,
                    -0.3196273446083069
                ],
                [
                    -0.24868984520435333,
                    -0.5641599297523499,
                    0.7873226404190063,
                    1.2448663711547852
                ],
                [
                    7.450580152834618e-09,
                    0.8128600120544434,
                    0.582459032535553,
                    0.9209486246109009
                ],
                [
                    0.0,
                    0.0,
                    0.0,
                    1.0
                ]
            ]
        },
        {
            "file_path": "train/shape09163_rank00_46",
            "rotation": 0.06283185307179587,
            "transform_matrix": [
                [
                    0.9685834646224976,
                    0.14485113322734833,
                    -0.20214933156967163,
                    -0.3196261525154114
                ],
                [
                    -0.24868899583816528,
                    0.564160168170929,
                    -0.7873227596282959,
                    -1.2448666095733643
                ],
                [
                    7.450581485102248e-09,
                    0.8128600120544434,
                    0.582459032535553,
                    0.9209486246109009
                ],
                [
                    0.0,
                    0.0,
                    0.0,
                    1.0
                ]
            ]
        },
        {
            "file_path": "train/shape09163_rank00_75",
            "rotation": 0.06283185307179587,
            "transform_matrix": [
                [
                    -1.442436655452184e-06,
                    -0.582459032535553,
                    0.8128600120544434,
                    1.2852445840835571
                ],
                [
                    1.0,
                    -8.40160225834552e-07,
                    1.172498969026492e-06,
                    1.8538836457082652e-06
                ],
                [
                    0.0,
                    0.8128600120544434,
                    0.582459032535553,
                    0.9209486246109009
                ],
                [
                    0.0,
                    0.0,
                    0.0,
                    1.0
                ]
            ]
        },
        {
            "file_path": "train/shape09163_rank00_53",
            "rotation": 0.06283185307179587,
            "transform_matrix": [
                [
                    0.9822869896888733,
                    -0.10914257168769836,
                    0.1523156762123108,
                    0.24083223938941956
                ],
                [
                    0.18738238513469696,
                    0.5721419453620911,
                    -0.7984619140625,
                    -1.2624791860580444
                ],
                [
                    0.0,
                    0.8128600120544434,
                    0.582459032535553,
                    0.9209486246109009
                ],
                [
                    0.0,
                    0.0,
                    0.0,
                    1.0
                ]
            ]
        },
        {
            "file_path": "train/shape09163_rank00_98",
            "rotation": 0.06283185307179587,
            "transform_matrix": [
                [
                    -0.9921150207519531,
                    -0.07300028949975967,
                    0.10187673568725586,
                    0.16108126938343048
                ],
                [
                    0.12533122301101685,
                    -0.57786625623703,
                    0.8064506649971008,
                    1.2751104831695557
                ],
                [
                    -3.725290742551124e-09,
                    0.8128600716590881,
                    0.582459032535553,
                    0.9209486246109009
                ],
                [
                    0.0,
                    0.0,
                    0.0,
                    1.0
                ]
            ]
        },
        {
            "file_path": "train/shape09163_rank00_48",
            "rotation": 0.06283185307179587,
            "transform_matrix": [
                [
                    0.9921149015426636,
                    0.07300090044736862,
                    -0.10187758505344391,
                    -0.16108261048793793
                ],
                [
                    -0.12533226609230042,
                    0.57786625623703,
                    -0.8064505457878113,
                    -1.2751102447509766
                ],
                [
                    3.725290742551124e-09,
                    0.8128600120544434,
                    0.582459032535553,
                    0.9209486246109009
                ],
                [
                    0.0,
                    0.0,
                    0.0,
                    1.0
                ]
            ]
        },
        {
            "file_path": "train/shape09163_rank00_84",
            "rotation": 0.06283185307179587,
            "transform_matrix": [
                [
                    -0.5358282327651978,
                    -0.49178585410118103,
                    0.6863197684288025,
                    1.0851668119430542
                ],
                [
                    0.8443270921707153,
                    -0.31209796667099,
                    0.4355533719062805,
                    0.6886703372001648
                ],
                [
                    1.4901161193847656e-08,
                    0.8128600716590881,
                    0.582459032535553,
                    0.9209486246109009
                ],
                [
                    0.0,
                    0.0,
                    0.0,
                    1.0
                ]
            ]
        },
        {
            "file_path": "train/shape09163_rank00_8",
            "rotation": 0.06283185307179587,
            "transform_matrix": [
                [
                    -0.8763067722320557,
                    0.2806017994880676,
                    -0.39159831404685974,
                    -0.6191713213920593
                ],
                [
                    -0.48175370693206787,
                    -0.5104127526283264,
                    0.7123146653175354,
                    1.1262683868408203
                ],
                [
                    0.0,
                    0.8128600120544434,
                    0.582459032535553,
                    0.9209486246109009
                ],
                [
                    0.0,
                    0.0,
                    0.0,
                    1.0
                ]
            ]
        },
        {
            "file_path": "train/shape09163_rank00_87",
            "rotation": 0.06283185307179587,
            "transform_matrix": [
                [
                    -0.6845483183860779,
                    -0.42459362745285034,
                    0.5925484895706177,
                    0.9369013905525208
                ],
                [
                    0.7289673686027527,
                    -0.3987213671207428,
                    0.5564420223236084,
                    0.8798121213912964
                ],
                [
                    0.0,
                    0.8128600120544434,
                    0.582459032535553,
                    0.9209486246109009
                ],
                [
                    0.0,
                    0.0,
                    0.0,
                    1.0
                ]
            ]
        },
        {
            "file_path": "train/shape09163_rank00_36",
            "rotation": 0.06283185307179587,
            "transform_matrix": [
                [
                    0.6374245285987854,
                    0.44879212975502014,
                    -0.6263191103935242,
                    -0.9902974367141724
                ],
                [
                    -0.7705128788948059,
                    0.37127363681793213,
                    -0.5181369185447693,
                    -0.8192464113235474
                ],
                [
                    1.4901162970204496e-08,
                    0.8128600120544434,
                    0.582459032535553,
                    0.9209486246109009
                ],
                [
                    0.0,
                    0.0,
                    0.0,
                    1.0
                ]
            ]
        },
        {
            "file_path": "train/shape09163_rank00_15",
            "rotation": 0.06283185307179587,
            "transform_matrix": [
                [
                    -0.5877851843833923,
                    0.4712193012237549,
                    -0.6576176881790161,
                    -1.0397849082946777
                ],
                [
                    -0.8090171813964844,
                    -0.3423607647418976,
                    0.4777870774269104,
                    0.7554476857185364
                ],
                [
                    0.0,
                    0.8128600120544434,
                    0.582459032535553,
                    0.9209486246109009
                ],
                [
                    0.0,
                    0.0,
                    0.0,
                    1.0
                ]
            ]
        },
        {
            "file_path": "train/shape09163_rank00_50",
            "rotation": 0.06283185307179587,
            "transform_matrix": [
                [
                    1.0,
                    -6.063964974600822e-07,
                    8.462662890451611e-07,
                    1.338064521405613e-06
                ],
                [
                    1.041097334564256e-06,
                    0.582459032535553,
                    -0.8128600120544434,
                    -1.2852445840835571
                ],
                [
                    5.684342563707159e-14,
                    0.8128600120544434,
                    0.582459032535553,
                    0.9209486246109009
                ],
                [
                    0.0,
                    0.0,
                    0.0,
                    1.0
                ]
            ]
        },
        {
            "file_path": "train/shape09163_rank00_57",
            "rotation": 0.06283185307179587,
            "transform_matrix": [
                [
                    0.9048265218734741,
                    -0.2479996383190155,
                    0.3460998833179474,
                    0.5472319722175598
                ],
                [
                    0.42578041553497314,
                    0.5270243883132935,
                    -0.7354973554611206,
                    -1.1629234552383423
                ],
                [
                    0.0,
                    0.8128600120544434,
                    0.582459032535553,
                    0.9209486246109009
                ],
                [
                    0.0,
                    0.0,
                    0.0,
                    1.0
                ]
            ]
        },
        {
            "file_path": "train/shape09163_rank00_59",
            "rotation": 0.06283185307179587,
            "transform_matrix": [
                [
                    0.8443272709846497,
                    -0.3120977580547333,
                    0.43555307388305664,
                    0.6886698603630066
                ],
                [
                    0.5358278155326843,
                    0.49178600311279297,
                    -0.686319887638092,
                    -1.0851670503616333
                ],
                [
                    0.0,
                    0.8128600120544434,
                    0.582459032535553,
                    0.9209486246109009
                ],
                [
                    0.0,
                    0.0,
                    0.0,
                    1.0
                ]
            ]
        },
        {
            "file_path": "train/shape09163_rank00_77",
            "rotation": 0.06283185307179587,
            "transform_matrix": [
                [
                    -0.1253347247838974,
                    -0.5778660178184509,
                    0.8064502477645874,
                    1.2751097679138184
                ],
                [
                    0.9921145439147949,
                    -0.07300233095884323,
                    0.10187958180904388,
                    0.16108576953411102
                ],
                [
                    0.0,
                    0.8128600120544434,
                    0.582459032535553,
                    0.9209486246109009
                ],
                [
                    0.0,
                    0.0,
                    0.0,
                    1.0
                ]
            ]
        }
    ]
}