{
    "camera_angle_x": 0.8726646304130554,
    "frames": [
        {
            "file_path": "train/shape09113_rank00_17",
            "rotation": 0.06283185307179587,
            "transform_matrix": [
                [
                    -0.48175349831581116,
                    0.5104127526283264,
                    -0.7123148441314697,
                    -1.1262686252593994
                ],
                [
                    -0.8763067126274109,
                    -0.2806016802787781,
                    0.3915982246398926,
                    0.619171142578125
                ],
                [
                    -1.4901160305669237e-08,
                    0.8128600716590881,
                    0.582459032535553,
                    0.9209486246109009
                ],
                [
                    0.0,
                    0.0,
                    0.0,
                    1.0
                ]
            ]
        },
        {
            "file_path": "train/shape09113_rank00_40",
            "rotation": 0.06283185307179587,
            "transform_matrix": [
                [
                    0.8090173602104187,
                    0.3423604667186737,
                    -0.4777866303920746,
                    -0.7554470300674438
                ],
                [
                    -0.5877845883369446,
                    0.4712195098400116,
                    -0.6576179265975952,
                    -1.039785385131836
                ],
                [
                    -1.4901160305669237e-08,
                    0.8128600120544434,
                    0.5824589729309082,
                    0.9209486246109009
                ],
                [
                    0.0,
                    0.0,
                    0.0,
                    1.0
                ]
            ]
        },
        {
            "file_path": "train/shape09113_rank00_28",
            "rotation": 0.06283185307179587,
            "transform_matrix": [
                [
                    0.187381774187088,
                    0.5721420049667358,
                    -0.7984620332717896,
                    -1.262479305267334
                ],
                [
                    -0.9822871088981628,
                    0.10914221405982971,
                    -0.1523151695728302,
                    -0.2408314347267151
                ],
                [
                    7.450580596923828e-09,
                    0.8128600120544434,
                    0.582459032535553,
                    0.9209486246109009
                ],
                [
                    0.0,
                    0.0,
                    0.0,
                    1.0
                ]
            ]
        },
        {
            "file_path": "train/shape09113_rank00_93",
            "rotation": 0.06283185307179587,
            "transform_matrix": [
                [
                    -0.9048277139663696,
                    -0.24799799919128418,
                    0.34609758853912354,
                    0.5472283363342285
                ],
                [
                    0.4257775545120239,
                    -0.5270251631736755,
                    0.7354983687400818,
                    1.1629250049591064
                ],
                [
                    1.4901159417490817e-08,
                    0.8128600120544434,
                    0.582459032535553,
                    0.9209486246109009
                ],
                [
                    0.0,
                    0.0,
                    0.0,
                    1.0
                ]
            ]
        },
        {
            "file_path": "train/shape09113_rank00_60",
            "rotation": 0.06283185307179587,
            "transform_matrix": [
                [
                    0.809016227722168,
                    -0.3423614203929901,
                    0.4777880012989044,
                    0.7554491758346558
                ],
                [
                    0.5877862572669983,
                    0.4712187945842743,
                    -0.6576169729232788,
                    -1.0397837162017822
                ],
                [
                    0.0,
                    0.8128600120544434,
                    0.582459032535553,
                    0.9209486246109009
                ],
                [
                    0.0,
                    0.0,
                    0.0,
                    1.0
                ]
            ]
        },
        {
            "file_path": "train/shape09113_rank00_51",
            "rotation": 0.06283185307179587,
            "transform_matrix": [
                [
                    0.9980266094207764,
                    -0.03657352179288864,
                    0.05104076862335205,
                    0.08070254325866699
                ],
                [
                    0.06279157102108002,
                    0.5813096761703491,
                    -0.8112560510635376,
                    -1.2827084064483643
                ],
                [
                    -1.8626450382086546e-09,
                    0.8128600120544434,
                    0.582459032535553,
                    0.9209486246109009
                ],
                [
                    0.0,
                    0.0,
                    0.0,
                    1.0
                ]
            ]
        },
        {
            "file_path": "train/shape09113_rank00_16",
            "rotation": 0.06283185307179587,
            "transform_matrix": [
                [
                    -0.5358266830444336,
                    0.4917864501476288,
                    -0.686320424079895,
                    -1.0851681232452393
                ],
                [
                    -0.8443279266357422,
                    -0.31209707260131836,
                    0.43555206060409546,
                    0.6886683702468872
                ],
                [
                    0.0,
                    0.8128600716590881,
                    0.5824589133262634,
                    0.9209486246109009
                ],
                [
                    0.0,
                    0.0,
                    0.0,
                    1.0
                ]
            ]
        },
        {
            "file_path": "train/shape09113_rank00_14",
            "rotation": 0.06283185307179587,
            "transform_matrix": [
                [
                    -0.6374237537384033,
                    0.448792427778244,
                    -0.6263195872306824,
                    -0.9902982115745544
                ],
                [
                    -0.7705133557319641,
                    -0.3712732195854187,
                    0.5181363821029663,
                    0.8192455768585205
                ],
                [
                    0.0,
                    0.8128600716590881,
                    0.582459032535553,
                    0.9209486246109009
                ],
                [
                    0.0,
                    0.0,
                    0.0,
                    1.0
                ]
            ]
        },
        {
            "file_path": "train/shape09113_rank00_7",
            "rotation": 0.06283185307179587,
            "transform_matrix": [
                [
                    -0.9048270583152771,
                    0.24799899756908417,
                    -0.34609898924827576,
                    -0.5472305417060852
                ],
                [
                    -0.4257793128490448,
                    -0.5270246863365173,
                    0.735497772693634,
                    1.16292405128479
                ],
                [
                    0.0,
                    0.8128600120544434,
                    0.582459032535553,
                    0.9209486246109009
                ],
                [
                    0.0,
                    0.0,
                    0.0,
                    1.0
                ]
            ]
        },
        {
            "file_path": "train/shape09113_rank00_80",
            "rotation": 0.06283185307179587,
            "transform_matrix": [
                [
                    -0.30901843309402466,
                    -0.5539511442184448,
                    0.7730754613876343,
                    1.2223396301269531
                ],
                [
                    0.9510559439659119,
                    -0.17999058961868286,
                    0.2511887848377228,
                    0.39716434478759766
                ],
                [
                    0.0,
                    0.8128600120544434,
                    0.582459032535553,
                    0.9209486246109009
                ],
                [
                    0.0,
                    0.0,
                    0.0,
                    1.0
                ]
            ]
        },
        {
            "file_path": "train/shape09113_rank00_89",
            "rotation": 0.06283185307179587,
            "transform_matrix": [
                [
                    -0.7705143690109253,
                    -0.3712725341320038,
                    0.5181353688240051,
                    0.8192439675331116
                ],
                [
                    0.6374225616455078,
                    -0.44879305362701416,
                    0.6263203620910645,
                    0.9902994632720947
                ],
                [
                    1.4901161193847656e-08,
                    0.8128600120544434,
                    0.582459032535553,
                    0.9209486246109009
                ],
                [
                    0.0,
                    0.0,
                    0.0,
                    1.0
                ]
            ]
        },
        {
            "file_path": "train/shape09113_rank00_25",
            "rotation": 0.06283185307179587,
            "transform_matrix": [
                [
                    4.013392072010902e-07,
                    0.582459032535553,
                    -0.8128599524497986,
                    -1.2852445840835571
                ],
                [
                    -0.9999998807907104,
                    2.3376367153105093e-07,
                    -3.262325947162026e-07,
                    -5.158190674592333e-07
                ],
                [
                    1.4210854715202004e-14,
                    0.8128600120544434,
                    0.5824589729309082,
                    0.9209486246109009
                ],
                [
                    0.0,
                    0.0,
                    0.0,
                    1.0
                ]
            ]
        },
        {
            "file_path": "train/shape09113_rank00_42",
            "rotation": 0.06283185307179587,
            "transform_matrix": [
                [
                    0.8763070702552795,
                    0.2806013524532318,
                    -0.3915976881980896,
                    -0.6191703677177429
                ],
                [
                    -0.4817529618740082,
                    0.5104129314422607,
                    -0.7123149633407593,
                    -1.126268982887268
                ],
                [
                    -2.9802322387695312e-08,
                    0.8128600120544434,
                    0.5824589729309082,
                    0.9209486246109009
                ],
                [
                    0.0,
                    0.0,
                    0.0,
                    1.0
                ]
            ]
        },
        {
            "file_path": "train/shape09113_rank00_54",
            "rotation": 0.06283185307179587,
            "transform_matrix": [
                [
                    0.968582808971405,
                    -0.14485231041908264,
                    0.20215095579624176,
                    0.3196287453174591
                ],
                [
                    0.24869097769260406,
                    0.5641598105430603,
                    -0.7873222827911377,
                    -1.244865894317627
                ],
                [
                    7.450580596923828e-09,
                    0.8128600120544434,
                    0.5824589729309082,
                    0.9209486246109009
                ],
                [
                    0.0,
                    0.0,
                    0.0,
                    1.0
                ]
            ]
        },
        {
            "file_path": "train/shape09113_rank00_84",
            "rotation": 0.06283185307179587,
            "transform_matrix": [
                [
                    -0.5358282327651978,
                    -0.49178585410118103,
                    0.6863197684288025,
                    1.0851668119430542
                ],
                [
                    0.8443270921707153,
                    -0.31209796667099,
                    0.4355533719062805,
                    0.6886703372001648
                ],
                [
                    1.4901161193847656e-08,
                    0.8128600716590881,
                    0.582459032535553,
                    0.9209486246109009
                ],
                [
                    0.0,
                    0.0,
                    0.0,
                    1.0
                ]
            ]
        },
        {
            "file_path": "train/shape09113_rank00_74",
            "rotation": 0.06283185307179587,
            "transform_matrix": [
                [
                    0.06278909742832184,
                    -0.5813097357749939,
                    0.8112561702728271,
                    1.2827086448669434
                ],
                [
                    0.9980267286300659,
                    0.03657208010554314,
                    -0.05103875696659088,
                    -0.0806993618607521
                ],
                [
                    0.0,
                    0.8128600120544434,
                    0.582459032535553,
                    0.9209486246109009
                ],
                [
                    0.0,
                    0.0,
                    0.0,
                    1.0
                ]
            ]
        },
        {
            "file_path": "train/shape09113_rank00_11",
            "rotation": 0.06283185307179587,
            "transform_matrix": [
                [
                    -0.770513117313385,
                    0.37127336859703064,
                    -0.5181365609169006,
                    -0.8192459344863892
                ],
                [
                    -0.6374240517616272,
                    -0.44879233837127686,
                    0.6263193488121033,
                    0.9902979731559753
                ],
                [
                    -2.9802322387695312e-08,
                    0.8128600716590881,
                    0.5824589729309082,
                    0.9209486246109009
                ],
                [
                    0.0,
                    0.0,
                    0.0,
                    1.0
                ]
            ]
        },
        {
            "file_path": "train/shape09113_rank00_57",
            "rotation": 0.06283185307179587,
            "transform_matrix": [
                [
                    0.9048263430595398,
                    -0.2479996383190155,
                    0.3460998833179474,
                    0.5472319722175598
                ],
                [
                    0.425780326128006,
                    0.5270243883132935,
                    -0.7354973554611206,
                    -1.1629234552383423
                ],
                [
                    0.0,
                    0.8128600120544434,
                    0.582459032535553,
                    0.9209486246109009
                ],
                [
                    0.0,
                    0.0,
                    0.0,
                    1.0
                ]
            ]
        },
        {
            "file_path": "train/shape09113_rank00_33",
            "rotation": 0.06283185307179587,
            "transform_matrix": [
                [
                    0.48175427317619324,
                    0.5104125142097473,
                    -0.7123143672943115,
                    -1.1262680292129517
                ],
                [
                    -0.8763063549995422,
                    0.2806020975112915,
                    -0.39159876108169556,
                    -0.6191720366477966
                ],
                [
                    0.0,
                    0.8128600120544434,
                    0.5824589729309082,
                    0.9209486246109009
                ],
                [
                    0.0,
                    0.0,
                    0.0,
                    1.0
                ]
            ]
        },
        {
            "file_path": "train/shape09113_rank00_97",
            "rotation": 0.06283185307179587,
            "transform_matrix": [
                [
                    -0.9822876453399658,
                    -0.1091407909989357,
                    0.15231318771839142,
                    0.24082830548286438
                ],
                [
                    0.18737934529781342,
                    -0.5721422433853149,
                    0.7984623908996582,
                    1.2624799013137817
                ],
                [
                    -7.450581485102248e-09,
                    0.8128600120544434,
                    0.582459032535553,
                    0.9209486246109009
                ],
                [
                    0.0,
                    0.0,
                    0.0,
                    1.0
                ]
            ]
        },
        {
            "file_path": "train/shape09113_rank00_39",
            "rotation": 0.06283185307179587,
            "transform_matrix": [
                [
                    0.770513653755188,
                    0.371273010969162,
                    -0.5181360244750977,
                    -0.8192449808120728
                ],
                [
                    -0.6374233961105347,
                    0.4487926661968231,
                    -0.6263198256492615,
                    -0.9902986288070679
                ],
                [
                    0.0,
                    0.8128600120544434,
                    0.582459032535553,
                    0.9209486246109009
                ],
                [
                    0.0,
                    0.0,
                    0.0,
                    1.0
                ]
            ]
        },
        {
            "file_path": "train/shape09113_rank00_37",
            "rotation": 0.06283185307179587,
            "transform_matrix": [
                [
                    0.6845476031303406,
                    0.42459407448768616,
                    -0.5925490856170654,
                    -0.9369024038314819
                ],
                [
                    -0.72896808385849,
                    0.39872094988822937,
                    -0.5564414262771606,
                    -0.87981116771698
                ],
                [
                    1.4901161193847656e-08,
                    0.8128600120544434,
                    0.582459032535553,
                    0.9209486246109009
                ],
                [
                    0.0,
                    0.0,
                    0.0,
                    1.0
                ]
            ]
        },
        {
            "file_path": "train/shape09113_rank00_75",
            "rotation": 0.06283185307179587,
            "transform_matrix": [
                [
                    -1.4424364280785085e-06,
                    -0.582459032535553,
                    0.8128600120544434,
                    1.2852445840835571
                ],
                [
                    0.9999998807907104,
                    -8.40160225834552e-07,
                    1.172498969026492e-06,
                    1.8538836457082652e-06
                ],
                [
                    0.0,
                    0.8128600120544434,
                    0.582459032535553,
                    0.9209486246109009
                ],
                [
                    0.0,
                    0.0,
                    0.0,
                    1.0
                ]
            ]
        },
        {
            "file_path": "train/shape09113_rank00_3",
            "rotation": 0.06283185307179587,
            "transform_matrix": [
                [
                    -0.9822871088981628,
                    0.10914194583892822,
                    -0.15231479704380035,
                    -0.24083083868026733
                ],
                [
                    -0.187381312251091,
                    -0.5721420645713806,
                    0.7984620928764343,
                    1.2624794244766235
                ],
                [
                    7.450580152834618e-09,
                    0.8128600120544434,
                    0.582459032535553,
                    0.9209486246109009
                ],
                [
                    0.0,
                    0.0,
                    0.0,
                    1.0
                ]
            ]
        },
        {
            "file_path": "train/shape09113_rank00_77",
            "rotation": 0.06283185307179587,
            "transform_matrix": [
                [
                    -0.1253347098827362,
                    -0.5778660178184509,
                    0.8064501881599426,
                    1.2751097679138184
                ],
                [
                    0.9921144247055054,
                    -0.07300233095884323,
                    0.10187957435846329,
                    0.16108576953411102
                ],
                [
                    0.0,
                    0.8128600120544434,
                    0.5824589729309082,
                    0.9209486246109009
                ],
                [
                    0.0,
                    0.0,
                    0.0,
                    1.0
                ]
            ]
        },
        {
            "file_path": "train/shape09113_rank00_79",
            "rotation": 0.06283185307179587,
            "transform_matrix": [
                [
                    -0.2486913502216339,
                    -0.5641598105430603,
                    0.7873222231864929,
                    1.2448657751083374
                ],
                [
                    0.9685826897621155,
                    -0.14485254883766174,
                    0.20215128362178802,
                    0.3196292519569397
                ],
                [
                    0.0,
                    0.8128600120544434,
                    0.582459032535553,
                    0.9209486246109009
                ],
                [
                    0.0,
                    0.0,
                    0.0,
                    1.0
                ]
            ]
        },
        {
            "file_path": "train/shape09113_rank00_19",
            "rotation": 0.06283185307179587,
            "transform_matrix": [
                [
                    -0.3681243062019348,
                    0.5415567755699158,
                    -0.7557782530784607,
                    -1.1949903964996338
                ],
                [
                    -0.9297765493392944,
                    -0.21441732347011566,
                    0.2992335557937622,
                    0.4731297791004181
                ],
                [
                    1.4901161193847656e-08,
                    0.8128600120544434,
                    0.582459032535553,
                    0.9209486246109009
                ],
                [
                    0.0,
                    0.0,
                    0.0,
                    1.0
                ]
            ]
        },
        {
            "file_path": "train/shape09113_rank00_69",
            "rotation": 0.06283185307179587,
            "transform_matrix": [
                [
                    0.368123322725296,
                    -0.5415569543838501,
                    0.7557786107063293,
                    1.194990873336792
                ],
                [
                    0.9297769665718079,
                    0.2144167572259903,
                    -0.2992327809333801,
                    -0.4731285572052002
                ],
                [
                    -1.4901160305669237e-08,
                    0.8128600716590881,
                    0.582459032535553,
                    0.9209486246109009
                ],
                [
                    0.0,
                    0.0,
                    0.0,
                    1.0
                ]
            ]
        },
        {
            "file_path": "train/shape09113_rank00_8",
            "rotation": 0.06283185307179587,
            "transform_matrix": [
                [
                    -0.8763066530227661,
                    0.2806017994880676,
                    -0.39159828424453735,
                    -0.6191713213920593
                ],
                [
                    -0.4817536473274231,
                    -0.5104127526283264,
                    0.7123146057128906,
                    1.1262683868408203
                ],
                [
                    0.0,
                    0.8128600120544434,
                    0.5824589729309082,
                    0.9209486246109009
                ],
                [
                    0.0,
                    0.0,
                    0.0,
                    1.0
                ]
            ]
        },
        {
            "file_path": "train/shape09113_rank00_13",
            "rotation": 0.06283185307179587,
            "transform_matrix": [
                [
                    -0.6845470070838928,
                    0.4245944023132324,
                    -0.5925495028495789,
                    -0.9369031190872192
                ],
                [
                    -0.7289686799049377,
                    -0.3987206220626831,
                    0.5564408898353577,
                    0.8798103928565979
                ],
                [
                    -1.4901161193847656e-08,
                    0.8128600120544434,
                    0.5824589729309082,
                    0.9209486246109009
                ],
                [
                    0.0,
                    0.0,
                    0.0,
                    1.0
                ]
            ]
        },
        {
            "file_path": "train/shape09113_rank00_38",
            "rotation": 0.06283185307179587,
            "transform_matrix": [
                [
                    0.7289690375328064,
                    0.39872029423713684,
                    -0.5564405918121338,
                    -0.8798097968101501
                ],
                [
                    -0.6845465302467346,
                    0.42459461092948914,
                    -0.5925499200820923,
                    -0.9369036555290222
                ],
                [
                    0.0,
                    0.8128600716590881,
                    0.582459032535553,
                    0.9209486246109009
                ],
                [
                    0.0,
                    0.0,
                    0.0,
                    1.0
                ]
            ]
        },
        {
            "file_path": "train/shape09113_rank00_30",
            "rotation": 0.06283185307179587,
            "transform_matrix": [
                [
                    0.30901750922203064,
                    0.5539513826370239,
                    -0.7730757594108582,
                    -1.2223399877548218
                ],
                [
                    -0.9510562419891357,
                    0.1799900382757187,
                    -0.2511880099773407,
                    -0.397163063287735
                ],
                [
                    0.0,
                    0.8128600120544434,
                    0.5824590921401978,
                    0.9209486246109009
                ],
                [
                    0.0,
                    0.0,
                    0.0,
                    1.0
                ]
            ]
        },
        {
            "file_path": "train/shape09113_rank00_36",
            "rotation": 0.06283185307179587,
            "transform_matrix": [
                [
                    0.6374244689941406,
                    0.44879212975502014,
                    -0.6263191103935242,
                    -0.9902974367141724
                ],
                [
                    -0.7705128192901611,
                    0.37127363681793213,
                    -0.5181369185447693,
                    -0.8192464113235474
                ],
                [
                    1.4901161193847656e-08,
                    0.8128600120544434,
                    0.582459032535553,
                    0.9209486246109009
                ],
                [
                    0.0,
                    0.0,
                    0.0,
                    1.0
                ]
            ]
        },
        {
            "file_path": "train/shape09113_rank00_29",
            "rotation": 0.06283185307179587,
            "transform_matrix": [
                [
                    0.24869035184383392,
                    0.5641599297523499,
                    -0.7873224020004272,
                    -1.244866132736206
                ],
                [
                    -0.9685830473899841,
                    0.1448519378900528,
                    -0.20215044915676117,
                    -0.31962794065475464
                ],
                [
                    -7.450580596923828e-09,
                    0.8128600120544434,
                    0.5824589729309082,
                    0.9209486246109009
                ],
                [
                    0.0,
                    0.0,
                    0.0,
                    1.0
                ]
            ]
        },
        {
            "file_path": "train/shape09113_rank00_27",
            "rotation": 0.06283185307179587,
            "transform_matrix": [
                [
                    0.12533368170261383,
                    0.5778661370277405,
                    -0.8064503073692322,
                    -1.2751100063323975
                ],
                [
                    -0.9921145439147949,
                    0.07300173491239548,
                    -0.10187873989343643,
                    -0.16108444333076477
                ],
                [
                    -3.725290298461914e-09,
                    0.8128600120544434,
                    0.5824589729309082,
                    0.9209486246109009
                ],
                [
                    0.0,
                    0.0,
                    0.0,
                    1.0
                ]
            ]
        },
        {
            "file_path": "train/shape09113_rank00_55",
            "rotation": 0.06283185307179587,
            "transform_matrix": [
                [
                    0.9510561227798462,
                    -0.17999039590358734,
                    0.2511884272098541,
                    0.39716383814811707
                ],
                [
                    0.309018075466156,
                    0.5539512634277344,
                    -0.7730754613876343,
                    -1.2223397493362427
                ],
                [
                    0.0,
                    0.8128600120544434,
                    0.5824589729309082,
                    0.9209486246109009
                ],
                [
                    0.0,
                    0.0,
                    0.0,
                    1.0
                ]
            ]
        },
        {
            "file_path": "train/shape09113_rank00_6",
            "rotation": 0.06283185307179587,
            "transform_matrix": [
                [
                    -0.9297763705253601,
                    0.2144174724817276,
                    -0.29923373460769653,
                    -0.47313010692596436
                ],
                [
                    -0.3681245446205139,
                    -0.5415566563606262,
                    0.7557780742645264,
                    1.1949901580810547
                ],
                [
                    0.0,
                    0.8128600120544434,
                    0.5824589729309082,
                    0.9209486246109009
                ],
                [
                    0.0,
                    0.0,
                    0.0,
                    1.0
                ]
            ]
        },
        {
            "file_path": "train/shape09113_rank00_56",
            "rotation": 0.06283185307179587,
            "transform_matrix": [
                [
                    0.9297760725021362,
                    -0.21441811323165894,
                    0.29923462867736816,
                    0.47313153743743896
                ],
                [
                    0.36812564730644226,
                    0.5415564775466919,
                    -0.7557777762413025,
                    -1.1949896812438965
                ],
                [
                    -1.4901161193847656e-08,
                    0.8128600120544434,
                    0.5824589729309082,
                    0.9209486246109009
                ],
                [
                    0.0,
                    0.0,
                    0.0,
                    1.0
                ]
            ]
        },
        {
            "file_path": "train/shape09113_rank00_67",
            "rotation": 0.06283185307179587,
            "transform_matrix": [
                [
                    0.48175251483917236,
                    -0.5104130506515503,
                    0.7123151421546936,
                    1.1262693405151367
                ],
                [
                    0.8763072490692139,
                    0.2806010842323303,
                    -0.3915973901748657,
                    -0.6191699504852295
                ],
                [
                    1.4901161193847656e-08,
                    0.8128600120544434,
                    0.5824589133262634,
                    0.9209486246109009
                ],
                [
                    0.0,
                    0.0,
                    0.0,
                    1.0
                ]
            ]
        },
        {
            "file_path": "train/shape09113_rank00_23",
            "rotation": 0.06283185307179587,
            "transform_matrix": [
                [
                    -0.12533289194107056,
                    0.5778661370277405,
                    -0.8064504265785217,
                    -1.275110125541687
                ],
                [
                    -0.9921146631240845,
                    -0.07300128042697906,
                    0.1018781065940857,
                    0.1610834300518036
                ],
                [
                    -7.450580596923828e-09,
                    0.8128600120544434,
                    0.582459032535553,
                    0.9209486246109009
                ],
                [
                    0.0,
                    0.0,
                    0.0,
                    1.0
                ]
            ]
        }
    ]
}