{
    "camera_angle_x": 0.8726646304130554,
    "frames": [
        {
            "file_path": "train/shape09119_rank01_70",
            "rotation": 0.06283185307179587,
            "transform_matrix": [
                [
                    0.30901575088500977,
                    -0.5539516806602478,
                    0.7730761170387268,
                    1.222340703010559
                ],
                [
                    0.951056957244873,
                    0.1799890249967575,
                    -0.2511865496635437,
                    -0.3971608281135559
                ],
                [
                    0.0,
                    0.8128600120544434,
                    0.582459032535553,
                    0.9209486246109009
                ],
                [
                    0.0,
                    0.0,
                    0.0,
                    1.0
                ]
            ]
        },
        {
            "file_path": "train/shape09119_rank01_42",
            "rotation": 0.06283185307179587,
            "transform_matrix": [
                [
                    0.8763071298599243,
                    0.2806013524532318,
                    -0.391597718000412,
                    -0.6191703677177429
                ],
                [
                    -0.48175299167633057,
                    0.5104129314422607,
                    -0.712315022945404,
                    -1.126268982887268
                ],
                [
                    -2.980232594040899e-08,
                    0.8128600120544434,
                    0.582459032535553,
                    0.9209486246109009
                ],
                [
                    0.0,
                    0.0,
                    0.0,
                    1.0
                ]
            ]
        },
        {
            "file_path": "train/shape09119_rank01_0",
            "rotation": 0.06283185307179587,
            "transform_matrix": [
                [
                    -1.0,
                    0.0,
                    0.0,
                    0.0
                ],
                [
                    0.0,
                    -0.582459032535553,
                    0.8128600120544434,
                    1.2852445840835571
                ],
                [
                    0.0,
                    0.8128600120544434,
                    0.582459032535553,
                    0.9209486246109009
                ],
                [
                    0.0,
                    0.0,
                    0.0,
                    1.0
                ]
            ]
        },
        {
            "file_path": "train/shape09119_rank01_58",
            "rotation": 0.06283185307179587,
            "transform_matrix": [
                [
                    0.8763060569763184,
                    -0.28060245513916016,
                    0.39159923791885376,
                    0.6191726922988892
                ],
                [
                    0.4817548096179962,
                    0.5104123950004578,
                    -0.7123141884803772,
                    -1.1262675523757935
                ],
                [
                    1.4901161193847656e-08,
                    0.8128600120544434,
                    0.5824590921401978,
                    0.9209486246109009
                ],
                [
                    0.0,
                    0.0,
                    0.0,
                    1.0
                ]
            ]
        },
        {
            "file_path": "train/shape09119_rank01_84",
            "rotation": 0.06283185307179587,
            "transform_matrix": [
                [
                    -0.5358282327651978,
                    -0.49178585410118103,
                    0.6863197684288025,
                    1.0851668119430542
                ],
                [
                    0.8443270921707153,
                    -0.31209796667099,
                    0.4355533719062805,
                    0.6886703372001648
                ],
                [
                    1.4901161193847656e-08,
                    0.8128600716590881,
                    0.582459032535553,
                    0.9209486246109009
                ],
                [
                    0.0,
                    0.0,
                    0.0,
                    1.0
                ]
            ]
        },
        {
            "file_path": "train/shape09119_rank01_2",
            "rotation": 0.06283185307179587,
            "transform_matrix": [
                [
                    -0.9921146631240845,
                    0.07300148159265518,
                    -0.10187838971614838,
                    -0.1610838770866394
                ],
                [
                    -0.1253332495689392,
                    -0.5778661966323853,
                    0.806450366973877,
                    1.2751100063323975
                ],
                [
                    -7.450580596923828e-09,
                    0.8128600120544434,
                    0.582459032535553,
                    0.9209486246109009
                ],
                [
                    0.0,
                    0.0,
                    0.0,
                    1.0
                ]
            ]
        },
        {
            "file_path": "train/shape09119_rank01_24",
            "rotation": 0.06283185307179587,
            "transform_matrix": [
                [
                    -0.062790147960186,
                    0.5813096761703491,
                    -0.8112560510635376,
                    -1.2827085256576538
                ],
                [
                    -0.9980268478393555,
                    -0.036572687327861786,
                    0.051039598882198334,
                    0.08070069551467896
                ],
                [
                    0.0,
                    0.8128600120544434,
                    0.5824589729309082,
                    0.9209486246109009
                ],
                [
                    0.0,
                    0.0,
                    0.0,
                    1.0
                ]
            ]
        },
        {
            "file_path": "train/shape09119_rank01_37",
            "rotation": 0.06283185307179587,
            "transform_matrix": [
                [
                    0.6845476627349854,
                    0.42459407448768616,
                    -0.5925490856170654,
                    -0.9369024038314819
                ],
                [
                    -0.7289681434631348,
                    0.39872094988822937,
                    -0.5564414262771606,
                    -0.87981116771698
                ],
                [
                    1.4901162970204496e-08,
                    0.8128600120544434,
                    0.582459032535553,
                    0.9209486246109009
                ],
                [
                    0.0,
                    0.0,
                    0.0,
                    1.0
                ]
            ]
        },
        {
            "file_path": "train/shape09119_rank01_35",
            "rotation": 0.06283185307179587,
            "transform_matrix": [
                [
                    0.5877857804298401,
                    0.4712190330028534,
                    -0.6576172709465027,
                    -1.03978431224823
                ],
                [
                    -0.8090167045593262,
                    0.34236112236976624,
                    -0.4777875542640686,
                    -0.7554485201835632
                ],
                [
                    1.4901162970204496e-08,
                    0.8128600120544434,
                    0.5824589729309082,
                    0.9209486246109009
                ],
                [
                    0.0,
                    0.0,
                    0.0,
                    1.0
                ]
            ]
        },
        {
            "file_path": "train/shape09119_rank01_3",
            "rotation": 0.06283185307179587,
            "transform_matrix": [
                [
                    -0.9822872877120972,
                    0.10914194583892822,
                    -0.15231479704380035,
                    -0.24083083868026733
                ],
                [
                    -0.1873813420534134,
                    -0.5721420645713806,
                    0.7984620928764343,
                    1.2624794244766235
                ],
                [
                    7.450581485102248e-09,
                    0.8128600120544434,
                    0.582459032535553,
                    0.9209486246109009
                ],
                [
                    0.0,
                    0.0,
                    0.0,
                    1.0
                ]
            ]
        },
        {
            "file_path": "train/shape09119_rank01_80",
            "rotation": 0.06283185307179587,
            "transform_matrix": [
                [
                    -0.30901846289634705,
                    -0.5539511442184448,
                    0.7730753421783447,
                    1.2223396301269531
                ],
                [
                    0.9510560631752014,
                    -0.17999058961868286,
                    0.2511887550354004,
                    0.39716434478759766
                ],
                [
                    0.0,
                    0.8128600120544434,
                    0.5824589729309082,
                    0.9209486246109009
                ],
                [
                    0.0,
                    0.0,
                    0.0,
                    1.0
                ]
            ]
        },
        {
            "file_path": "train/shape09119_rank01_4",
            "rotation": 0.06283185307179587,
            "transform_matrix": [
                [
                    -0.9685831069946289,
                    0.14485163986682892,
                    -0.20215006172657013,
                    -0.3196273446083069
                ],
                [
                    -0.24868984520435333,
                    -0.5641599297523499,
                    0.7873225808143616,
                    1.2448663711547852
                ],
                [
                    7.450580152834618e-09,
                    0.8128600120544434,
                    0.5824589729309082,
                    0.9209486246109009
                ],
                [
                    0.0,
                    0.0,
                    0.0,
                    1.0
                ]
            ]
        },
        {
            "file_path": "train/shape09119_rank01_76",
            "rotation": 0.06283185307179587,
            "transform_matrix": [
                [
                    -0.06279198825359344,
                    -0.5813095569610596,
                    0.8112559914588928,
                    1.2827084064483643
                ],
                [
                    0.9980266690254211,
                    -0.036573756486177444,
                    0.051041096448898315,
                    0.08070306479930878
                ],
                [
                    1.862645149230957e-09,
                    0.8128600716590881,
                    0.5824589729309082,
                    0.9209486246109009
                ],
                [
                    0.0,
                    0.0,
                    0.0,
                    1.0
                ]
            ]
        },
        {
            "file_path": "train/shape09119_rank01_77",
            "rotation": 0.06283185307179587,
            "transform_matrix": [
                [
                    -0.1253347247838974,
                    -0.5778660178184509,
                    0.8064502477645874,
                    1.2751097679138184
                ],
                [
                    0.9921145439147949,
                    -0.07300233095884323,
                    0.10187958180904388,
                    0.16108576953411102
                ],
                [
                    0.0,
                    0.8128600120544434,
                    0.582459032535553,
                    0.9209486246109009
                ],
                [
                    0.0,
                    0.0,
                    0.0,
                    1.0
                ]
            ]
        },
        {
            "file_path": "train/shape09119_rank01_87",
            "rotation": 0.06283185307179587,
            "transform_matrix": [
                [
                    -0.6845483183860779,
                    -0.42459362745285034,
                    0.5925484895706177,
                    0.9369013905525208
                ],
                [
                    0.7289673686027527,
                    -0.3987213671207428,
                    0.5564420223236084,
                    0.8798121213912964
                ],
                [
                    0.0,
                    0.8128600120544434,
                    0.582459032535553,
                    0.9209486246109009
                ],
                [
                    0.0,
                    0.0,
                    0.0,
                    1.0
                ]
            ]
        },
        {
            "file_path": "train/shape09119_rank01_18",
            "rotation": 0.06283185307179587,
            "transform_matrix": [
                [
                    -0.4257790744304657,
                    0.5270247459411621,
                    -0.7354978322982788,
                    -1.1629241704940796
                ],
                [
                    -0.9048271775245667,
                    -0.24799886345863342,
                    0.34609878063201904,
                    0.5472302436828613
                ],
                [
                    0.0,
                    0.8128600120544434,
                    0.582459032535553,
                    0.9209486246109009
                ],
                [
                    0.0,
                    0.0,
                    0.0,
                    1.0
                ]
            ]
        },
        {
            "file_path": "train/shape09119_rank01_98",
            "rotation": 0.06283185307179587,
            "transform_matrix": [
                [
                    -0.9921150207519531,
                    -0.07300028949975967,
                    0.10187673568725586,
                    0.16108126938343048
                ],
                [
                    0.12533122301101685,
                    -0.57786625623703,
                    0.8064506649971008,
                    1.2751104831695557
                ],
                [
                    -3.725290742551124e-09,
                    0.8128600716590881,
                    0.582459032535553,
                    0.9209486246109009
                ],
                [
                    0.0,
                    0.0,
                    0.0,
                    1.0
                ]
            ]
        },
        {
            "file_path": "train/shape09119_rank01_89",
            "rotation": 0.06283185307179587,
            "transform_matrix": [
                [
                    -0.7705143690109253,
                    -0.3712725341320038,
                    0.5181353688240051,
                    0.8192439675331116
                ],
                [
                    0.6374225616455078,
                    -0.44879305362701416,
                    0.6263203620910645,
                    0.9902994632720947
                ],
                [
                    1.4901161193847656e-08,
                    0.8128600120544434,
                    0.582459032535553,
                    0.9209486246109009
                ],
                [
                    0.0,
                    0.0,
                    0.0,
                    1.0
                ]
            ]
        },
        {
            "file_path": "train/shape09119_rank01_41",
            "rotation": 0.06283185307179587,
            "transform_matrix": [
                [
                    0.8443283438682556,
                    0.3120967149734497,
                    -0.43555158376693726,
                    -0.6886675953865051
                ],
                [
                    -0.5358260869979858,
                    0.4917866587638855,
                    -0.6863207221031189,
                    -1.085168480873108
                ],
                [
                    1.4901161193847656e-08,
                    0.8128600120544434,
                    0.5824589729309082,
                    0.9209486246109009
                ],
                [
                    0.0,
                    0.0,
                    0.0,
                    1.0
                ]
            ]
        },
        {
            "file_path": "train/shape09119_rank01_60",
            "rotation": 0.06283185307179587,
            "transform_matrix": [
                [
                    0.8090161681175232,
                    -0.3423614203929901,
                    0.4777880012989044,
                    0.7554491758346558
                ],
                [
                    0.5877861976623535,
                    0.4712187945842743,
                    -0.6576169729232788,
                    -1.0397837162017822
                ],
                [
                    0.0,
                    0.8128600120544434,
                    0.582459032535553,
                    0.9209486246109009
                ],
                [
                    0.0,
                    0.0,
                    0.0,
                    1.0
                ]
            ]
        },
        {
            "file_path": "train/shape09119_rank01_65",
            "rotation": 0.06283185307179587,
            "transform_matrix": [
                [
                    0.5877842903137207,
                    -0.47121962904930115,
                    0.6576181650161743,
                    1.039785623550415
                ],
                [
                    0.8090177178382874,
                    0.342360258102417,
                    -0.4777863919734955,
                    -0.7554466128349304
                ],
                [
                    0.0,
                    0.8128600120544434,
                    0.582459032535553,
                    0.9209486246109009
                ],
                [
                    0.0,
                    0.0,
                    0.0,
                    1.0
                ]
            ]
        },
        {
            "file_path": "train/shape09119_rank01_96",
            "rotation": 0.06283185307179587,
            "transform_matrix": [
                [
                    -0.9685836434364319,
                    -0.14485053718090057,
                    0.20214851200580597,
                    0.3196248710155487
                ],
                [
                    0.2486879527568817,
                    -0.5641602277755737,
                    0.787322998046875,
                    1.244866967201233
                ],
                [
                    -7.450580596923828e-09,
                    0.8128600716590881,
                    0.582459032535553,
                    0.9209486246109009
                ],
                [
                    0.0,
                    0.0,
                    0.0,
                    1.0
                ]
            ]
        },
        {
            "file_path": "train/shape09119_rank01_12",
            "rotation": 0.06283185307179587,
            "transform_matrix": [
                [
                    -0.7289685606956482,
                    0.3987206816673279,
                    -0.556441068649292,
                    -0.879810631275177
                ],
                [
                    -0.6845471858978271,
                    -0.42459431290626526,
                    0.5925494432449341,
                    0.9369029402732849
                ],
                [
                    0.0,
                    0.8128600120544434,
                    0.582459032535553,
                    0.9209486246109009
                ],
                [
                    0.0,
                    0.0,
                    0.0,
                    1.0
                ]
            ]
        },
        {
            "file_path": "train/shape09119_rank01_33",
            "rotation": 0.06283185307179587,
            "transform_matrix": [
                [
                    0.4817543029785156,
                    0.5104125142097473,
                    -0.7123144268989563,
                    -1.1262680292129517
                ],
                [
                    -0.876306414604187,
                    0.2806020975112915,
                    -0.39159879088401794,
                    -0.6191720366477966
                ],
                [
                    0.0,
                    0.8128600120544434,
                    0.582459032535553,
                    0.9209486246109009
                ],
                [
                    0.0,
                    0.0,
                    0.0,
                    1.0
                ]
            ]
        },
        {
            "file_path": "train/shape09119_rank01_38",
            "rotation": 0.06283185307179587,
            "transform_matrix": [
                [
                    0.7289690971374512,
                    0.39872029423713684,
                    -0.5564405918121338,
                    -0.8798097968101501
                ],
                [
                    -0.6845465898513794,
                    0.42459461092948914,
                    -0.5925499200820923,
                    -0.9369036555290222
                ],
                [
                    0.0,
                    0.8128600716590881,
                    0.582459032535553,
                    0.9209486246109009
                ],
                [
                    0.0,
                    0.0,
                    0.0,
                    1.0
                ]
            ]
        },
        {
            "file_path": "train/shape09119_rank01_40",
            "rotation": 0.06283185307179587,
            "transform_matrix": [
                [
                    0.8090173602104187,
                    0.3423604667186737,
                    -0.477786660194397,
                    -0.7554470300674438
                ],
                [
                    -0.5877845883369446,
                    0.4712195098400116,
                    -0.65761798620224,
                    -1.039785385131836
                ],
                [
                    -1.4901160305669237e-08,
                    0.8128600120544434,
                    0.582459032535553,
                    0.9209486246109009
                ],
                [
                    0.0,
                    0.0,
                    0.0,
                    1.0
                ]
            ]
        },
        {
            "file_path": "train/shape09119_rank01_26",
            "rotation": 0.06283185307179587,
            "transform_matrix": [
                [
                    0.06279095262289047,
                    0.5813096761703491,
                    -0.8112560510635376,
                    -1.2827084064483643
                ],
                [
                    -0.9980267882347107,
                    0.036573152989149094,
                    -0.051040250808000565,
                    -0.08070172369480133
                ],
                [
                    0.0,
                    0.8128600120544434,
                    0.582459032535553,
                    0.9209486246109009
                ],
                [
                    0.0,
                    0.0,
                    0.0,
                    1.0
                ]
            ]
        },
        {
            "file_path": "train/shape09119_rank01_16",
            "rotation": 0.06283185307179587,
            "transform_matrix": [
                [
                    -0.5358267426490784,
                    0.4917864501476288,
                    -0.686320424079895,
                    -1.0851681232452393
                ],
                [
                    -0.8443280458450317,
                    -0.31209707260131836,
                    0.43555203080177307,
                    0.6886683702468872
                ],
                [
                    0.0,
                    0.8128600716590881,
                    0.5824589133262634,
                    0.9209486246109009
                ],
                [
                    0.0,
                    0.0,
                    0.0,
                    1.0
                ]
            ]
        },
        {
            "file_path": "train/shape09119_rank01_67",
            "rotation": 0.06283185307179587,
            "transform_matrix": [
                [
                    0.48175257444381714,
                    -0.5104130506515503,
                    0.7123152017593384,
                    1.1262693405151367
                ],
                [
                    0.8763073682785034,
                    0.2806010842323303,
                    -0.3915974199771881,
                    -0.6191699504852295
                ],
                [
                    1.4901162970204496e-08,
                    0.8128600120544434,
                    0.5824589729309082,
                    0.9209486246109009
                ],
                [
                    0.0,
                    0.0,
                    0.0,
                    1.0
                ]
            ]
        },
        {
            "file_path": "train/shape09119_rank01_63",
            "rotation": 0.06283185307179587,
            "transform_matrix": [
                [
                    0.6845460534095764,
                    -0.424594908952713,
                    0.5925503373146057,
                    0.9369043111801147
                ],
                [
                    0.7289696335792542,
                    0.39871999621391296,
                    -0.5564401745796204,
                    -0.8798091411590576
                ],
                [
                    0.0,
                    0.8128600716590881,
                    0.582459032535553,
                    0.9209486246109009
                ],
                [
                    0.0,
                    0.0,
                    0.0,
                    1.0
                ]
            ]
        },
        {
            "file_path": "train/shape09119_rank01_99",
            "rotation": 0.06283185307179587,
            "transform_matrix": [
                [
                    -0.9980269074440002,
                    -0.03657170757651329,
                    0.0510382354259491,
                    0.08069853484630585
                ],
                [
                    0.0627884641289711,
                    -0.5813097357749939,
                    0.8112561702728271,
                    1.2827086448669434
                ],
                [
                    0.0,
                    0.8128600120544434,
                    0.582459032535553,
                    0.9209486246109009
                ],
                [
                    0.0,
                    0.0,
                    0.0,
                    1.0
                ]
            ]
        },
        {
            "file_path": "train/shape09119_rank01_56",
            "rotation": 0.06283185307179587,
            "transform_matrix": [
                [
                    0.9297760725021362,
                    -0.21441811323165894,
                    0.29923465847969055,
                    0.47313153743743896
                ],
                [
                    0.36812564730644226,
                    0.5415564775466919,
                    -0.7557778358459473,
                    -1.1949896812438965
                ],
                [
                    -1.4901161193847656e-08,
                    0.8128600120544434,
                    0.582459032535553,
                    0.9209486246109009
                ],
                [
                    0.0,
                    0.0,
                    0.0,
                    1.0
                ]
            ]
        },
        {
            "file_path": "train/shape09119_rank01_6",
            "rotation": 0.06283185307179587,
            "transform_matrix": [
                [
                    -0.9297764301300049,
                    0.2144174724817276,
                    -0.29923373460769653,
                    -0.47313010692596436
                ],
                [
                    -0.3681245446205139,
                    -0.5415566563606262,
                    0.7557780742645264,
                    1.1949901580810547
                ],
                [
                    0.0,
                    0.8128600120544434,
                    0.5824589729309082,
                    0.9209486246109009
                ],
                [
                    0.0,
                    0.0,
                    0.0,
                    1.0
                ]
            ]
        },
        {
            "file_path": "train/shape09119_rank01_36",
            "rotation": 0.06283185307179587,
            "transform_matrix": [
                [
                    0.6374245285987854,
                    0.44879212975502014,
                    -0.6263191103935242,
                    -0.9902974367141724
                ],
                [
                    -0.7705128788948059,
                    0.37127363681793213,
                    -0.5181369185447693,
                    -0.8192464113235474
                ],
                [
                    1.4901162970204496e-08,
                    0.8128600120544434,
                    0.582459032535553,
                    0.9209486246109009
                ],
                [
                    0.0,
                    0.0,
                    0.0,
                    1.0
                ]
            ]
        },
        {
            "file_path": "train/shape09119_rank01_17",
            "rotation": 0.06283185307179587,
            "transform_matrix": [
                [
                    -0.48175352811813354,
                    0.5104127526283264,
                    -0.7123148441314697,
                    -1.1262686252593994
                ],
                [
                    -0.8763067722320557,
                    -0.2806016802787781,
                    0.3915982246398926,
                    0.619171142578125
                ],
                [
                    -1.4901161193847656e-08,
                    0.8128600716590881,
                    0.582459032535553,
                    0.9209486246109009
                ],
                [
                    0.0,
                    0.0,
                    0.0,
                    1.0
                ]
            ]
        },
        {
            "file_path": "train/shape09119_rank01_51",
            "rotation": 0.06283185307179587,
            "transform_matrix": [
                [
                    0.9980266690254211,
                    -0.03657352179288864,
                    0.05104076862335205,
                    0.08070254325866699
                ],
                [
                    0.06279157847166061,
                    0.5813096761703491,
                    -0.8112560510635376,
                    -1.2827084064483643
                ],
                [
                    -1.862645149230957e-09,
                    0.8128600120544434,
                    0.582459032535553,
                    0.9209486246109009
                ],
                [
                    0.0,
                    0.0,
                    0.0,
                    1.0
                ]
            ]
        },
        {
            "file_path": "train/shape09119_rank01_74",
            "rotation": 0.06283185307179587,
            "transform_matrix": [
                [
                    0.06278910487890244,
                    -0.5813097357749939,
                    0.8112561106681824,
                    1.2827086448669434
                ],
                [
                    0.9980268478393555,
                    0.03657208010554314,
                    -0.05103875324130058,
                    -0.0806993618607521
                ],
                [
                    0.0,
                    0.8128600120544434,
                    0.5824589729309082,
                    0.9209486246109009
                ],
                [
                    0.0,
                    0.0,
                    0.0,
                    1.0
                ]
            ]
        },
        {
            "file_path": "train/shape09119_rank01_49",
            "rotation": 0.06283185307179587,
            "transform_matrix": [
                [
                    0.9980267882347107,
                    0.03657231479883194,
                    -0.05103908106684685,
                    -0.0806998759508133
                ],
                [
                    -0.06278949975967407,
                    0.5813096761703491,
                    -0.8112561106681824,
                    -1.2827085256576538
                ],
                [
                    -1.862645149230957e-09,
                    0.8128600120544434,
                    0.582459032535553,
                    0.9209486246109009
                ],
                [
                    0.0,
                    0.0,
                    0.0,
                    1.0
                ]
            ]
        },
        {
            "file_path": "train/shape09119_rank01_23",
            "rotation": 0.06283185307179587,
            "transform_matrix": [
                [
                    -0.12533290684223175,
                    0.5778661370277405,
                    -0.8064504265785217,
                    -1.275110125541687
                ],
                [
                    -0.992114782333374,
                    -0.07300128042697906,
                    0.1018781065940857,
                    0.1610834300518036
                ],
                [
                    -7.450581485102248e-09,
                    0.8128600120544434,
                    0.582459032535553,
                    0.9209486246109009
                ],
                [
                    0.0,
                    0.0,
                    0.0,
                    1.0
                ]
            ]
        },
        {
            "file_path": "train/shape09119_rank01_13",
            "rotation": 0.06283185307179587,
            "transform_matrix": [
                [
                    -0.6845470666885376,
                    0.4245944023132324,
                    -0.5925495624542236,
                    -0.9369031190872192
                ],
                [
                    -0.7289687395095825,
                    -0.3987206220626831,
                    0.5564409494400024,
                    0.8798103928565979
                ],
                [
                    -1.4901162970204496e-08,
                    0.8128600120544434,
                    0.582459032535553,
                    0.9209486246109009
                ],
                [
                    0.0,
                    0.0,
                    0.0,
                    1.0
                ]
            ]
        }
    ]
}