{
    "camera_angle_x": 0.8726646304130554,
    "frames": [
        {
            "file_path": "train/shape09105_rank01_54",
            "rotation": 0.06283185307179587,
            "transform_matrix": [
                [
                    0.9685829281806946,
                    -0.14485231041908264,
                    0.20215095579624176,
                    0.3196287453174591
                ],
                [
                    0.24869100749492645,
                    0.5641598105430603,
                    -0.7873222827911377,
                    -1.244865894317627
                ],
                [
                    7.450581485102248e-09,
                    0.8128600120544434,
                    0.5824589729309082,
                    0.9209486246109009
                ],
                [
                    0.0,
                    0.0,
                    0.0,
                    1.0
                ]
            ]
        },
        {
            "file_path": "train/shape09105_rank01_11",
            "rotation": 0.06283185307179587,
            "transform_matrix": [
                [
                    -0.7705131769180298,
                    0.37127336859703064,
                    -0.5181365609169006,
                    -0.8192459344863892
                ],
                [
                    -0.637424111366272,
                    -0.44879233837127686,
                    0.6263193488121033,
                    0.9902979731559753
                ],
                [
                    -2.980232594040899e-08,
                    0.8128600716590881,
                    0.5824589729309082,
                    0.9209486246109009
                ],
                [
                    0.0,
                    0.0,
                    0.0,
                    1.0
                ]
            ]
        },
        {
            "file_path": "train/shape09105_rank01_15",
            "rotation": 0.06283185307179587,
            "transform_matrix": [
                [
                    -0.5877851843833923,
                    0.4712193012237549,
                    -0.6576176881790161,
                    -1.0397849082946777
                ],
                [
                    -0.8090171813964844,
                    -0.3423607647418976,
                    0.4777870774269104,
                    0.7554476857185364
                ],
                [
                    0.0,
                    0.8128600120544434,
                    0.582459032535553,
                    0.9209486246109009
                ],
                [
                    0.0,
                    0.0,
                    0.0,
                    1.0
                ]
            ]
        },
        {
            "file_path": "train/shape09105_rank01_1",
            "rotation": 0.06283185307179587,
            "transform_matrix": [
                [
                    -0.9980267286300659,
                    0.036572910845279694,
                    -0.051039911806583405,
                    -0.08070117980241776
                ],
                [
                    -0.06279052793979645,
                    -0.5813096761703491,
                    0.8112561106681824,
                    1.2827084064483643
                ],
                [
                    3.725290298461914e-09,
                    0.8128600120544434,
                    0.5824590921401978,
                    0.9209486246109009
                ],
                [
                    0.0,
                    0.0,
                    0.0,
                    1.0
                ]
            ]
        },
        {
            "file_path": "train/shape09105_rank01_35",
            "rotation": 0.06283185307179587,
            "transform_matrix": [
                [
                    0.5877857208251953,
                    0.4712190330028534,
                    -0.6576173305511475,
                    -1.03978431224823
                ],
                [
                    -0.8090166449546814,
                    0.34236112236976624,
                    -0.477787584066391,
                    -0.7554485201835632
                ],
                [
                    1.4901161193847656e-08,
                    0.8128600120544434,
                    0.582459032535553,
                    0.9209486246109009
                ],
                [
                    0.0,
                    0.0,
                    0.0,
                    1.0
                ]
            ]
        },
        {
            "file_path": "train/shape09105_rank01_5",
            "rotation": 0.06283185307179587,
            "transform_matrix": [
                [
                    -0.9510565996170044,
                    0.179989755153656,
                    -0.25118759274482727,
                    -0.39716243743896484
                ],
                [
                    -0.30901703238487244,
                    -0.5539514422416687,
                    0.7730758786201477,
                    1.2223403453826904
                ],
                [
                    0.0,
                    0.8128600120544434,
                    0.582459032535553,
                    0.9209486246109009
                ],
                [
                    0.0,
                    0.0,
                    0.0,
                    1.0
                ]
            ]
        },
        {
            "file_path": "train/shape09105_rank01_62",
            "rotation": 0.06283185307179587,
            "transform_matrix": [
                [
                    0.7289677262306213,
                    -0.3987211585044861,
                    0.5564417243003845,
                    0.879811704158783
                ],
                [
                    0.6845479607582092,
                    0.42459380626678467,
                    -0.5925487279891968,
                    -0.936901867389679
                ],
                [
                    0.0,
                    0.8128600716590881,
                    0.5824589729309082,
                    0.9209486246109009
                ],
                [
                    0.0,
                    0.0,
                    0.0,
                    1.0
                ]
            ]
        },
        {
            "file_path": "train/shape09105_rank01_59",
            "rotation": 0.06283185307179587,
            "transform_matrix": [
                [
                    0.8443273305892944,
                    -0.3120977580547333,
                    0.43555304408073425,
                    0.6886698603630066
                ],
                [
                    0.5358278751373291,
                    0.49178600311279297,
                    -0.6863198280334473,
                    -1.0851670503616333
                ],
                [
                    0.0,
                    0.8128600120544434,
                    0.5824589729309082,
                    0.9209486246109009
                ],
                [
                    0.0,
                    0.0,
                    0.0,
                    1.0
                ]
            ]
        },
        {
            "file_path": "train/shape09105_rank01_93",
            "rotation": 0.06283185307179587,
            "transform_matrix": [
                [
                    -0.9048278331756592,
                    -0.24799799919128418,
                    0.34609758853912354,
                    0.5472283363342285
                ],
                [
                    0.4257776141166687,
                    -0.5270251631736755,
                    0.7354983687400818,
                    1.1629250049591064
                ],
                [
                    1.4901161193847656e-08,
                    0.8128600120544434,
                    0.582459032535553,
                    0.9209486246109009
                ],
                [
                    0.0,
                    0.0,
                    0.0,
                    1.0
                ]
            ]
        },
        {
            "file_path": "train/shape09105_rank01_44",
            "rotation": 0.06283185307179587,
            "transform_matrix": [
                [
                    0.9297768473625183,
                    0.2144169956445694,
                    -0.299233078956604,
                    -0.4731290340423584
                ],
                [
                    -0.36812371015548706,
                    0.5415568947792053,
                    -0.755778431892395,
                    -1.194990634918213
                ],
                [
                    0.0,
                    0.8128600120544434,
                    0.582459032535553,
                    0.9209486246109009
                ],
                [
                    0.0,
                    0.0,
                    0.0,
                    1.0
                ]
            ]
        },
        {
            "file_path": "train/shape09105_rank01_37",
            "rotation": 0.06283185307179587,
            "transform_matrix": [
                [
                    0.6845476627349854,
                    0.42459407448768616,
                    -0.5925490856170654,
                    -0.9369024038314819
                ],
                [
                    -0.7289681434631348,
                    0.39872094988822937,
                    -0.5564414262771606,
                    -0.87981116771698
                ],
                [
                    1.4901162970204496e-08,
                    0.8128600120544434,
                    0.582459032535553,
                    0.9209486246109009
                ],
                [
                    0.0,
                    0.0,
                    0.0,
                    1.0
                ]
            ]
        },
        {
            "file_path": "train/shape09105_rank01_7",
            "rotation": 0.06283185307179587,
            "transform_matrix": [
                [
                    -0.9048271179199219,
                    0.24799899756908417,
                    -0.34609895944595337,
                    -0.5472305417060852
                ],
                [
                    -0.4257793426513672,
                    -0.5270246863365173,
                    0.7354977130889893,
                    1.16292405128479
                ],
                [
                    0.0,
                    0.8128600120544434,
                    0.5824589729309082,
                    0.9209486246109009
                ],
                [
                    0.0,
                    0.0,
                    0.0,
                    1.0
                ]
            ]
        },
        {
            "file_path": "train/shape09105_rank01_74",
            "rotation": 0.06283185307179587,
            "transform_matrix": [
                [
                    0.06278910487890244,
                    -0.5813097357749939,
                    0.8112561702728271,
                    1.2827086448669434
                ],
                [
                    0.9980268478393555,
                    0.03657208010554314,
                    -0.05103875696659088,
                    -0.0806993618607521
                ],
                [
                    0.0,
                    0.8128600120544434,
                    0.582459032535553,
                    0.9209486246109009
                ],
                [
                    0.0,
                    0.0,
                    0.0,
                    1.0
                ]
            ]
        },
        {
            "file_path": "train/shape09105_rank01_14",
            "rotation": 0.06283185307179587,
            "transform_matrix": [
                [
                    -0.6374237537384033,
                    0.448792427778244,
                    -0.6263195872306824,
                    -0.9902982115745544
                ],
                [
                    -0.7705133557319641,
                    -0.3712732195854187,
                    0.5181363821029663,
                    0.8192455768585205
                ],
                [
                    0.0,
                    0.8128600716590881,
                    0.582459032535553,
                    0.9209486246109009
                ],
                [
                    0.0,
                    0.0,
                    0.0,
                    1.0
                ]
            ]
        },
        {
            "file_path": "train/shape09105_rank01_19",
            "rotation": 0.06283185307179587,
            "transform_matrix": [
                [
                    -0.3681243360042572,
                    0.5415567755699158,
                    -0.7557782530784607,
                    -1.1949903964996338
                ],
                [
                    -0.929776668548584,
                    -0.21441732347011566,
                    0.2992335557937622,
                    0.4731297791004181
                ],
                [
                    1.4901162970204496e-08,
                    0.8128600120544434,
                    0.582459032535553,
                    0.9209486246109009
                ],
                [
                    0.0,
                    0.0,
                    0.0,
                    1.0
                ]
            ]
        },
        {
            "file_path": "train/shape09105_rank01_18",
            "rotation": 0.06283185307179587,
            "transform_matrix": [
                [
                    -0.4257791042327881,
                    0.5270247459411621,
                    -0.7354978322982788,
                    -1.1629241704940796
                ],
                [
                    -0.9048272371292114,
                    -0.24799886345863342,
                    0.34609878063201904,
                    0.5472302436828613
                ],
                [
                    0.0,
                    0.8128600120544434,
                    0.582459032535553,
                    0.9209486246109009
                ],
                [
                    0.0,
                    0.0,
                    0.0,
                    1.0
                ]
            ]
        },
        {
            "file_path": "train/shape09105_rank01_58",
            "rotation": 0.06283185307179587,
            "transform_matrix": [
                [
                    0.8763060569763184,
                    -0.28060245513916016,
                    0.39159923791885376,
                    0.6191726922988892
                ],
                [
                    0.4817548096179962,
                    0.5104123950004578,
                    -0.7123141884803772,
                    -1.1262675523757935
                ],
                [
                    1.4901161193847656e-08,
                    0.8128600120544434,
                    0.5824590921401978,
                    0.9209486246109009
                ],
                [
                    0.0,
                    0.0,
                    0.0,
                    1.0
                ]
            ]
        },
        {
            "file_path": "train/shape09105_rank01_55",
            "rotation": 0.06283185307179587,
            "transform_matrix": [
                [
                    0.9510562419891357,
                    -0.17999039590358734,
                    0.2511884272098541,
                    0.39716383814811707
                ],
                [
                    0.3090181052684784,
                    0.5539512634277344,
                    -0.7730754613876343,
                    -1.2223397493362427
                ],
                [
                    0.0,
                    0.8128600120544434,
                    0.5824589729309082,
                    0.9209486246109009
                ],
                [
                    0.0,
                    0.0,
                    0.0,
                    1.0
                ]
            ]
        },
        {
            "file_path": "train/shape09105_rank01_95",
            "rotation": 0.06283185307179587,
            "transform_matrix": [
                [
                    -0.9510571956634521,
                    -0.17998863756656647,
                    0.2511860430240631,
                    0.39716002345085144
                ],
                [
                    0.3090151250362396,
                    -0.5539517998695374,
                    0.7730763554573059,
                    1.2223410606384277
                ],
                [
                    0.0,
                    0.8128600120544434,
                    0.582459032535553,
                    0.9209486246109009
                ],
                [
                    0.0,
                    0.0,
                    0.0,
                    1.0
                ]
            ]
        },
        {
            "file_path": "train/shape09105_rank01_96",
            "rotation": 0.06283185307179587,
            "transform_matrix": [
                [
                    -0.9685836434364319,
                    -0.14485053718090057,
                    0.20214848220348358,
                    0.3196248710155487
                ],
                [
                    0.2486879527568817,
                    -0.5641602277755737,
                    0.7873228788375854,
                    1.244866967201233
                ],
                [
                    -7.450580596923828e-09,
                    0.8128600716590881,
                    0.5824589729309082,
                    0.9209486246109009
                ],
                [
                    0.0,
                    0.0,
                    0.0,
                    1.0
                ]
            ]
        },
        {
            "file_path": "train/shape09105_rank01_10",
            "rotation": 0.06283185307179587,
            "transform_matrix": [
                [
                    -0.8090170621871948,
                    0.34236085414886475,
                    -0.47778716683387756,
                    -0.7554478645324707
                ],
                [
                    -0.5877853035926819,
                    -0.4712192118167877,
                    0.6576175689697266,
                    1.0397846698760986
                ],
                [
                    1.4901162970204496e-08,
                    0.8128600120544434,
                    0.582459032535553,
                    0.9209486246109009
                ],
                [
                    0.0,
                    0.0,
                    0.0,
                    1.0
                ]
            ]
        },
        {
            "file_path": "train/shape09105_rank01_21",
            "rotation": 0.06283185307179587,
            "transform_matrix": [
                [
                    -0.24868959188461304,
                    0.5641600489616394,
                    -0.7873226404190063,
                    -1.2448663711547852
                ],
                [
                    -0.9685832858085632,
                    -0.14485149085521698,
                    0.20214983820915222,
                    0.31962695717811584
                ],
                [
                    0.0,
                    0.8128600120544434,
                    0.582459032535553,
                    0.9209486246109009
                ],
                [
                    0.0,
                    0.0,
                    0.0,
                    1.0
                ]
            ]
        },
        {
            "file_path": "train/shape09105_rank01_77",
            "rotation": 0.06283185307179587,
            "transform_matrix": [
                [
                    -0.1253347247838974,
                    -0.5778660178184509,
                    0.8064501881599426,
                    1.2751097679138184
                ],
                [
                    0.9921145439147949,
                    -0.07300233095884323,
                    0.10187957435846329,
                    0.16108576953411102
                ],
                [
                    0.0,
                    0.8128600120544434,
                    0.5824589729309082,
                    0.9209486246109009
                ],
                [
                    0.0,
                    0.0,
                    0.0,
                    1.0
                ]
            ]
        },
        {
            "file_path": "train/shape09105_rank01_47",
            "rotation": 0.06283185307179587,
            "transform_matrix": [
                [
                    0.9822873473167419,
                    0.10914138704538345,
                    -0.15231402218341827,
                    -0.24082961678504944
                ],
                [
                    -0.1873803585767746,
                    0.5721421837806702,
                    -0.7984622120857239,
                    -1.2624796628952026
                ],
                [
                    0.0,
                    0.8128600120544434,
                    0.582459032535553,
                    0.9209486246109009
                ],
                [
                    0.0,
                    0.0,
                    0.0,
                    1.0
                ]
            ]
        },
        {
            "file_path": "train/shape09105_rank01_82",
            "rotation": 0.06283185307179587,
            "transform_matrix": [
                [
                    -0.4257807433605194,
                    -0.5270242691040039,
                    0.735497236251831,
                    1.1629230976104736
                ],
                [
                    0.9048263430595398,
                    -0.24799984693527222,
                    0.34610018134117126,
                    0.5472323894500732
                ],
                [
                    1.4901160305669237e-08,
                    0.8128600120544434,
                    0.5824590921401978,
                    0.9209486246109009
                ],
                [
                    0.0,
                    0.0,
                    0.0,
                    1.0
                ]
            ]
        },
        {
            "file_path": "train/shape09105_rank01_75",
            "rotation": 0.06283185307179587,
            "transform_matrix": [
                [
                    -1.442436655452184e-06,
                    -0.582459032535553,
                    0.8128600120544434,
                    1.2852445840835571
                ],
                [
                    1.0,
                    -8.40160225834552e-07,
                    1.172498969026492e-06,
                    1.8538836457082652e-06
                ],
                [
                    0.0,
                    0.8128600120544434,
                    0.582459032535553,
                    0.9209486246109009
                ],
                [
                    0.0,
                    0.0,
                    0.0,
                    1.0
                ]
            ]
        },
        {
            "file_path": "train/shape09105_rank01_13",
            "rotation": 0.06283185307179587,
            "transform_matrix": [
                [
                    -0.6845470666885376,
                    0.4245944023132324,
                    -0.5925496220588684,
                    -0.9369031190872192
                ],
                [
                    -0.7289687395095825,
                    -0.3987206220626831,
                    0.5564410090446472,
                    0.8798103928565979
                ],
                [
                    -1.4901162970204496e-08,
                    0.8128600120544434,
                    0.5824590921401978,
                    0.9209486246109009
                ],
                [
                    0.0,
                    0.0,
                    0.0,
                    1.0
                ]
            ]
        },
        {
            "file_path": "train/shape09105_rank01_76",
            "rotation": 0.06283185307179587,
            "transform_matrix": [
                [
                    -0.06279198080301285,
                    -0.5813095569610596,
                    0.8112560510635376,
                    1.2827084064483643
                ],
                [
                    0.9980266094207764,
                    -0.036573756486177444,
                    0.051041100174188614,
                    0.08070306479930878
                ],
                [
                    1.8626450382086546e-09,
                    0.8128600716590881,
                    0.582459032535553,
                    0.9209486246109009
                ],
                [
                    0.0,
                    0.0,
                    0.0,
                    1.0
                ]
            ]
        },
        {
            "file_path": "train/shape09105_rank01_43",
            "rotation": 0.06283185307179587,
            "transform_matrix": [
                [
                    0.9048275351524353,
                    0.24799852073192596,
                    -0.34609830379486084,
                    -0.547229528427124
                ],
                [
                    -0.42577850818634033,
                    0.5270249247550964,
                    -0.7354980111122131,
                    -1.1629245281219482
                ],
                [
                    1.4901162970204496e-08,
                    0.8128600120544434,
                    0.5824589729309082,
                    0.9209486246109009
                ],
                [
                    0.0,
                    0.0,
                    0.0,
                    1.0
                ]
            ]
        },
        {
            "file_path": "train/shape09105_rank01_46",
            "rotation": 0.06283185307179587,
            "transform_matrix": [
                [
                    0.9685834646224976,
                    0.14485113322734833,
                    -0.20214933156967163,
                    -0.3196261525154114
                ],
                [
                    -0.24868899583816528,
                    0.564160168170929,
                    -0.7873227596282959,
                    -1.2448666095733643
                ],
                [
                    7.450581485102248e-09,
                    0.8128600120544434,
                    0.582459032535553,
                    0.9209486246109009
                ],
                [
                    0.0,
                    0.0,
                    0.0,
                    1.0
                ]
            ]
        },
        {
            "file_path": "train/shape09105_rank01_49",
            "rotation": 0.06283185307179587,
            "transform_matrix": [
                [
                    0.9980268478393555,
                    0.03657231479883194,
                    -0.05103908106684685,
                    -0.0806998759508133
                ],
                [
                    -0.06278950721025467,
                    0.5813096761703491,
                    -0.8112561106681824,
                    -1.2827085256576538
                ],
                [
                    -1.862645371275562e-09,
                    0.8128600120544434,
                    0.582459032535553,
                    0.9209486246109009
                ],
                [
                    0.0,
                    0.0,
                    0.0,
                    1.0
                ]
            ]
        },
        {
            "file_path": "train/shape09105_rank01_67",
            "rotation": 0.06283185307179587,
            "transform_matrix": [
                [
                    0.48175254464149475,
                    -0.5104130506515503,
                    0.7123152017593384,
                    1.1262693405151367
                ],
                [
                    0.8763073086738586,
                    0.2806010842323303,
                    -0.3915974199771881,
                    -0.6191699504852295
                ],
                [
                    1.4901161193847656e-08,
                    0.8128600120544434,
                    0.5824589729309082,
                    0.9209486246109009
                ],
                [
                    0.0,
                    0.0,
                    0.0,
                    1.0
                ]
            ]
        },
        {
            "file_path": "train/shape09105_rank01_30",
            "rotation": 0.06283185307179587,
            "transform_matrix": [
                [
                    0.309017539024353,
                    0.5539513826370239,
                    -0.7730757594108582,
                    -1.2223399877548218
                ],
                [
                    -0.9510563611984253,
                    0.1799900382757187,
                    -0.2511880099773407,
                    -0.397163063287735
                ],
                [
                    0.0,
                    0.8128600120544434,
                    0.5824590921401978,
                    0.9209486246109009
                ],
                [
                    0.0,
                    0.0,
                    0.0,
                    1.0
                ]
            ]
        },
        {
            "file_path": "train/shape09105_rank01_52",
            "rotation": 0.06283185307179587,
            "transform_matrix": [
                [
                    0.9921146035194397,
                    -0.07300209999084473,
                    0.10187926143407822,
                    0.16108526289463043
                ],
                [
                    0.12533430755138397,
                    0.5778660774230957,
                    -0.8064503073692322,
                    -1.275109887123108
                ],
                [
                    -3.725290298461914e-09,
                    0.8128600120544434,
                    0.582459032535553,
                    0.9209486246109009
                ],
                [
                    0.0,
                    0.0,
                    0.0,
                    1.0
                ]
            ]
        },
        {
            "file_path": "train/shape09105_rank01_20",
            "rotation": 0.06283185307179587,
            "transform_matrix": [
                [
                    -0.30901670455932617,
                    0.5539515018463135,
                    -0.7730758786201477,
                    -1.2223403453826904
                ],
                [
                    -0.9510565996170044,
                    -0.17998960614204407,
                    0.25118735432624817,
                    0.3971620798110962
                ],
                [
                    -1.4901161193847656e-08,
                    0.8128600120544434,
                    0.582459032535553,
                    0.9209486246109009
                ],
                [
                    0.0,
                    0.0,
                    0.0,
                    1.0
                ]
            ]
        },
        {
            "file_path": "train/shape09105_rank01_41",
            "rotation": 0.06283185307179587,
            "transform_matrix": [
                [
                    0.8443283438682556,
                    0.3120967149734497,
                    -0.43555158376693726,
                    -0.6886675953865051
                ],
                [
                    -0.5358260869979858,
                    0.4917866587638855,
                    -0.6863207221031189,
                    -1.085168480873108
                ],
                [
                    1.4901161193847656e-08,
                    0.8128600120544434,
                    0.5824589729309082,
                    0.9209486246109009
                ],
                [
                    0.0,
                    0.0,
                    0.0,
                    1.0
                ]
            ]
        },
        {
            "file_path": "train/shape09105_rank01_61",
            "rotation": 0.06283185307179587,
            "transform_matrix": [
                [
                    0.7705124020576477,
                    -0.3712739646434784,
                    0.5181373357772827,
                    0.8192470669746399
                ],
                [
                    0.6374250054359436,
                    0.44879189133644104,
                    -0.6263187527656555,
                    -0.9902969002723694
                ],
                [
                    0.0,
                    0.8128600120544434,
                    0.582459032535553,
                    0.9209486246109009
                ],
                [
                    0.0,
                    0.0,
                    0.0,
                    1.0
                ]
            ]
        },
        {
            "file_path": "train/shape09105_rank01_72",
            "rotation": 0.06283185307179587,
            "transform_matrix": [
                [
                    0.18737998604774475,
                    -0.5721422433853149,
                    0.7984623312950134,
                    1.2624797821044922
                ],
                [
                    0.9822875261306763,
                    0.10914115607738495,
                    -0.1523137092590332,
                    -0.24082911014556885
                ],
                [
                    0.0,
                    0.8128600120544434,
                    0.582459032535553,
                    0.9209486246109009
                ],
                [
                    0.0,
                    0.0,
                    0.0,
                    1.0
                ]
            ]
        },
        {
            "file_path": "train/shape09105_rank01_31",
            "rotation": 0.06283185307179587,
            "transform_matrix": [
                [
                    0.3681250214576721,
                    0.5415565371513367,
                    -0.7557780742645264,
                    -1.1949900388717651
                ],
                [
                    -0.9297763109207153,
                    0.2144177258014679,
                    -0.29923415184020996,
                    -0.4731307625770569
                ],
                [
                    0.0,
                    0.8128600716590881,
                    0.582459032535553,
                    0.9209486246109009
                ],
                [
                    0.0,
                    0.0,
                    0.0,
                    1.0
                ]
            ]
        },
        {
            "file_path": "train/shape09105_rank01_2",
            "rotation": 0.06283185307179587,
            "transform_matrix": [
                [
                    -0.9921146631240845,
                    0.07300148159265518,
                    -0.10187838971614838,
                    -0.1610838770866394
                ],
                [
                    -0.1253332495689392,
                    -0.5778661966323853,
                    0.806450366973877,
                    1.2751100063323975
                ],
                [
                    -7.450580596923828e-09,
                    0.8128600120544434,
                    0.582459032535553,
                    0.9209486246109009
                ],
                [
                    0.0,
                    0.0,
                    0.0,
                    1.0
                ]
            ]
        }
    ]
}