{
    "camera_angle_x": 0.8726646304130554,
    "frames": [
        {
            "file_path": "train/shape09194_rank07_99",
            "rotation": 0.06283185307179587,
            "transform_matrix": [
                [
                    -0.998026967048645,
                    -0.03657170757651329,
                    0.0510382317006588,
                    0.08069853484630585
                ],
                [
                    0.0627884715795517,
                    -0.5813097357749939,
                    0.8112561106681824,
                    1.2827086448669434
                ],
                [
                    0.0,
                    0.8128600120544434,
                    0.5824589729309082,
                    0.9209486246109009
                ],
                [
                    0.0,
                    0.0,
                    0.0,
                    1.0
                ]
            ]
        },
        {
            "file_path": "train/shape09194_rank07_96",
            "rotation": 0.06283185307179587,
            "transform_matrix": [
                [
                    -0.9685836434364319,
                    -0.14485053718090057,
                    0.20214849710464478,
                    0.3196248710155487
                ],
                [
                    0.2486879527568817,
                    -0.5641602277755737,
                    0.7873229384422302,
                    1.244866967201233
                ],
                [
                    -7.450580596923828e-09,
                    0.8128600716590881,
                    0.5824589729309082,
                    0.9209486246109009
                ],
                [
                    0.0,
                    0.0,
                    0.0,
                    1.0
                ]
            ]
        },
        {
            "file_path": "train/shape09194_rank07_65",
            "rotation": 0.06283185307179587,
            "transform_matrix": [
                [
                    0.5877843499183655,
                    -0.47121962904930115,
                    0.6576181650161743,
                    1.039785623550415
                ],
                [
                    0.8090177774429321,
                    0.342360258102417,
                    -0.4777863919734955,
                    -0.7554466128349304
                ],
                [
                    0.0,
                    0.8128600120544434,
                    0.582459032535553,
                    0.9209486246109009
                ],
                [
                    0.0,
                    0.0,
                    0.0,
                    1.0
                ]
            ]
        },
        {
            "file_path": "train/shape09194_rank07_19",
            "rotation": 0.06283185307179587,
            "transform_matrix": [
                [
                    -0.3681243062019348,
                    0.5415567755699158,
                    -0.7557782530784607,
                    -1.1949903964996338
                ],
                [
                    -0.9297766089439392,
                    -0.21441732347011566,
                    0.2992335557937622,
                    0.4731297791004181
                ],
                [
                    1.4901161193847656e-08,
                    0.8128600120544434,
                    0.582459032535553,
                    0.9209486246109009
                ],
                [
                    0.0,
                    0.0,
                    0.0,
                    1.0
                ]
            ]
        },
        {
            "file_path": "train/shape09194_rank07_52",
            "rotation": 0.06283185307179587,
            "transform_matrix": [
                [
                    0.9921146035194397,
                    -0.07300209999084473,
                    0.10187925398349762,
                    0.16108526289463043
                ],
                [
                    0.12533430755138397,
                    0.5778660774230957,
                    -0.8064502477645874,
                    -1.275109887123108
                ],
                [
                    -3.725290298461914e-09,
                    0.8128600120544434,
                    0.5824589729309082,
                    0.9209486246109009
                ],
                [
                    0.0,
                    0.0,
                    0.0,
                    1.0
                ]
            ]
        },
        {
            "file_path": "train/shape09194_rank07_87",
            "rotation": 0.06283185307179587,
            "transform_matrix": [
                [
                    -0.6845483183860779,
                    -0.42459362745285034,
                    0.5925484299659729,
                    0.9369013905525208
                ],
                [
                    0.7289673686027527,
                    -0.3987213671207428,
                    0.5564419627189636,
                    0.8798121213912964
                ],
                [
                    0.0,
                    0.8128600120544434,
                    0.5824589729309082,
                    0.9209486246109009
                ],
                [
                    0.0,
                    0.0,
                    0.0,
                    1.0
                ]
            ]
        },
        {
            "file_path": "train/shape09194_rank07_36",
            "rotation": 0.06283185307179587,
            "transform_matrix": [
                [
                    0.6374245285987854,
                    0.44879212975502014,
                    -0.6263191103935242,
                    -0.9902974367141724
                ],
                [
                    -0.7705128788948059,
                    0.37127363681793213,
                    -0.5181369185447693,
                    -0.8192464113235474
                ],
                [
                    1.4901162970204496e-08,
                    0.8128600120544434,
                    0.582459032535553,
                    0.9209486246109009
                ],
                [
                    0.0,
                    0.0,
                    0.0,
                    1.0
                ]
            ]
        },
        {
            "file_path": "train/shape09194_rank07_79",
            "rotation": 0.06283185307179587,
            "transform_matrix": [
                [
                    -0.2486913800239563,
                    -0.5641598105430603,
                    0.7873221635818481,
                    1.2448657751083374
                ],
                [
                    0.968582808971405,
                    -0.14485254883766174,
                    0.20215126872062683,
                    0.3196292519569397
                ],
                [
                    0.0,
                    0.8128600120544434,
                    0.5824589729309082,
                    0.9209486246109009
                ],
                [
                    0.0,
                    0.0,
                    0.0,
                    1.0
                ]
            ]
        },
        {
            "file_path": "train/shape09194_rank07_75",
            "rotation": 0.06283185307179587,
            "transform_matrix": [
                [
                    -1.442436655452184e-06,
                    -0.582459032535553,
                    0.8128600120544434,
                    1.2852445840835571
                ],
                [
                    1.0,
                    -8.40160225834552e-07,
                    1.172498969026492e-06,
                    1.8538836457082652e-06
                ],
                [
                    0.0,
                    0.8128600120544434,
                    0.582459032535553,
                    0.9209486246109009
                ],
                [
                    0.0,
                    0.0,
                    0.0,
                    1.0
                ]
            ]
        },
        {
            "file_path": "train/shape09194_rank07_45",
            "rotation": 0.06283185307179587,
            "transform_matrix": [
                [
                    0.9510567784309387,
                    0.17998923361301422,
                    -0.25118687748908997,
                    -0.3971613049507141
                ],
                [
                    -0.3090161085128784,
                    0.5539515614509583,
                    -0.773076057434082,
                    -1.2223405838012695
                ],
                [
                    -1.4901161193847656e-08,
                    0.8128600120544434,
                    0.582459032535553,
                    0.9209486246109009
                ],
                [
                    0.0,
                    0.0,
                    0.0,
                    1.0
                ]
            ]
        },
        {
            "file_path": "train/shape09194_rank07_93",
            "rotation": 0.06283185307179587,
            "transform_matrix": [
                [
                    -0.9048278331756592,
                    -0.24799799919128418,
                    0.3460976183414459,
                    0.5472283363342285
                ],
                [
                    0.4257776141166687,
                    -0.5270251631736755,
                    0.7354984283447266,
                    1.1629250049591064
                ],
                [
                    1.4901161193847656e-08,
                    0.8128600120544434,
                    0.5824590921401978,
                    0.9209486246109009
                ],
                [
                    0.0,
                    0.0,
                    0.0,
                    1.0
                ]
            ]
        },
        {
            "file_path": "train/shape09194_rank07_5",
            "rotation": 0.06283185307179587,
            "transform_matrix": [
                [
                    -0.9510565996170044,
                    0.179989755153656,
                    -0.25118759274482727,
                    -0.39716243743896484
                ],
                [
                    -0.30901703238487244,
                    -0.5539514422416687,
                    0.7730758786201477,
                    1.2223403453826904
                ],
                [
                    0.0,
                    0.8128600120544434,
                    0.582459032535553,
                    0.9209486246109009
                ],
                [
                    0.0,
                    0.0,
                    0.0,
                    1.0
                ]
            ]
        },
        {
            "file_path": "train/shape09194_rank07_30",
            "rotation": 0.06283185307179587,
            "transform_matrix": [
                [
                    0.309017539024353,
                    0.5539513826370239,
                    -0.7730757594108582,
                    -1.2223399877548218
                ],
                [
                    -0.9510563611984253,
                    0.1799900382757187,
                    -0.2511880099773407,
                    -0.397163063287735
                ],
                [
                    0.0,
                    0.8128600120544434,
                    0.5824590921401978,
                    0.9209486246109009
                ],
                [
                    0.0,
                    0.0,
                    0.0,
                    1.0
                ]
            ]
        },
        {
            "file_path": "train/shape09194_rank07_98",
            "rotation": 0.06283185307179587,
            "transform_matrix": [
                [
                    -0.9921150207519531,
                    -0.07300028949975967,
                    0.10187673568725586,
                    0.16108126938343048
                ],
                [
                    0.12533122301101685,
                    -0.57786625623703,
                    0.8064506649971008,
                    1.2751104831695557
                ],
                [
                    -3.725290742551124e-09,
                    0.8128600716590881,
                    0.582459032535553,
                    0.9209486246109009
                ],
                [
                    0.0,
                    0.0,
                    0.0,
                    1.0
                ]
            ]
        },
        {
            "file_path": "train/shape09194_rank07_39",
            "rotation": 0.06283185307179587,
            "transform_matrix": [
                [
                    0.7705137133598328,
                    0.371273010969162,
                    -0.5181360244750977,
                    -0.8192449808120728
                ],
                [
                    -0.6374233961105347,
                    0.4487926661968231,
                    -0.6263198256492615,
                    -0.9902986288070679
                ],
                [
                    0.0,
                    0.8128600120544434,
                    0.582459032535553,
                    0.9209486246109009
                ],
                [
                    0.0,
                    0.0,
                    0.0,
                    1.0
                ]
            ]
        },
        {
            "file_path": "train/shape09194_rank07_42",
            "rotation": 0.06283185307179587,
            "transform_matrix": [
                [
                    0.8763071298599243,
                    0.2806013524532318,
                    -0.391597718000412,
                    -0.6191703677177429
                ],
                [
                    -0.48175299167633057,
                    0.5104129314422607,
                    -0.712315022945404,
                    -1.126268982887268
                ],
                [
                    -2.980232594040899e-08,
                    0.8128600120544434,
                    0.582459032535553,
                    0.9209486246109009
                ],
                [
                    0.0,
                    0.0,
                    0.0,
                    1.0
                ]
            ]
        },
        {
            "file_path": "train/shape09194_rank07_55",
            "rotation": 0.06283185307179587,
            "transform_matrix": [
                [
                    0.9510562419891357,
                    -0.17999039590358734,
                    0.2511884272098541,
                    0.39716383814811707
                ],
                [
                    0.3090181052684784,
                    0.5539512634277344,
                    -0.7730754613876343,
                    -1.2223397493362427
                ],
                [
                    0.0,
                    0.8128600120544434,
                    0.5824589729309082,
                    0.9209486246109009
                ],
                [
                    0.0,
                    0.0,
                    0.0,
                    1.0
                ]
            ]
        },
        {
            "file_path": "train/shape09194_rank07_27",
            "rotation": 0.06283185307179587,
            "transform_matrix": [
                [
                    0.12533369660377502,
                    0.5778661370277405,
                    -0.8064503073692322,
                    -1.2751100063323975
                ],
                [
                    -0.9921146631240845,
                    0.07300173491239548,
                    -0.10187873989343643,
                    -0.16108444333076477
                ],
                [
                    -3.725290742551124e-09,
                    0.8128600120544434,
                    0.5824589729309082,
                    0.9209486246109009
                ],
                [
                    0.0,
                    0.0,
                    0.0,
                    1.0
                ]
            ]
        },
        {
            "file_path": "train/shape09194_rank07_11",
            "rotation": 0.06283185307179587,
            "transform_matrix": [
                [
                    -0.7705131769180298,
                    0.37127336859703064,
                    -0.5181365609169006,
                    -0.8192459344863892
                ],
                [
                    -0.637424111366272,
                    -0.44879233837127686,
                    0.6263193488121033,
                    0.9902979731559753
                ],
                [
                    -2.980232594040899e-08,
                    0.8128600716590881,
                    0.5824589729309082,
                    0.9209486246109009
                ],
                [
                    0.0,
                    0.0,
                    0.0,
                    1.0
                ]
            ]
        },
        {
            "file_path": "train/shape09194_rank07_74",
            "rotation": 0.06283185307179587,
            "transform_matrix": [
                [
                    0.06278909742832184,
                    -0.5813097357749939,
                    0.8112561702728271,
                    1.2827086448669434
                ],
                [
                    0.9980267882347107,
                    0.03657208010554314,
                    -0.05103875696659088,
                    -0.0806993618607521
                ],
                [
                    0.0,
                    0.8128600120544434,
                    0.582459032535553,
                    0.9209486246109009
                ],
                [
                    0.0,
                    0.0,
                    0.0,
                    1.0
                ]
            ]
        },
        {
            "file_path": "train/shape09194_rank07_9",
            "rotation": 0.06283185307179587,
            "transform_matrix": [
                [
                    -0.8443278670310974,
                    0.3120971918106079,
                    -0.4355522692203522,
                    -0.6886686086654663
                ],
                [
                    -0.5358268618583679,
                    -0.491786390542984,
                    0.686320424079895,
                    1.0851678848266602
                ],
                [
                    0.0,
                    0.8128600120544434,
                    0.582459032535553,
                    0.9209486246109009
                ],
                [
                    0.0,
                    0.0,
                    0.0,
                    1.0
                ]
            ]
        },
        {
            "file_path": "train/shape09194_rank07_16",
            "rotation": 0.06283185307179587,
            "transform_matrix": [
                [
                    -0.5358267426490784,
                    0.4917864501476288,
                    -0.6863204836845398,
                    -1.0851681232452393
                ],
                [
                    -0.8443280458450317,
                    -0.31209707260131836,
                    0.43555209040641785,
                    0.6886683702468872
                ],
                [
                    0.0,
                    0.8128600716590881,
                    0.5824589729309082,
                    0.9209486246109009
                ],
                [
                    0.0,
                    0.0,
                    0.0,
                    1.0
                ]
            ]
        },
        {
            "file_path": "train/shape09194_rank07_2",
            "rotation": 0.06283185307179587,
            "transform_matrix": [
                [
                    -0.9921147227287292,
                    0.07300148159265518,
                    -0.10187838971614838,
                    -0.1610838770866394
                ],
                [
                    -0.1253332644701004,
                    -0.5778661966323853,
                    0.806450366973877,
                    1.2751100063323975
                ],
                [
                    -7.450581485102248e-09,
                    0.8128600120544434,
                    0.582459032535553,
                    0.9209486246109009
                ],
                [
                    0.0,
                    0.0,
                    0.0,
                    1.0
                ]
            ]
        },
        {
            "file_path": "train/shape09194_rank07_60",
            "rotation": 0.06283185307179587,
            "transform_matrix": [
                [
                    0.809016227722168,
                    -0.3423614203929901,
                    0.4777880012989044,
                    0.7554491758346558
                ],
                [
                    0.5877862572669983,
                    0.4712187945842743,
                    -0.6576169729232788,
                    -1.0397837162017822
                ],
                [
                    0.0,
                    0.8128600120544434,
                    0.582459032535553,
                    0.9209486246109009
                ],
                [
                    0.0,
                    0.0,
                    0.0,
                    1.0
                ]
            ]
        },
        {
            "file_path": "train/shape09194_rank07_95",
            "rotation": 0.06283185307179587,
            "transform_matrix": [
                [
                    -0.9510571956634521,
                    -0.17998863756656647,
                    0.2511860132217407,
                    0.39716002345085144
                ],
                [
                    0.3090151250362396,
                    -0.5539517998695374,
                    0.7730762958526611,
                    1.2223410606384277
                ],
                [
                    0.0,
                    0.8128600120544434,
                    0.5824589729309082,
                    0.9209486246109009
                ],
                [
                    0.0,
                    0.0,
                    0.0,
                    1.0
                ]
            ]
        },
        {
            "file_path": "train/shape09194_rank07_76",
            "rotation": 0.06283185307179587,
            "transform_matrix": [
                [
                    -0.06279198080301285,
                    -0.5813095569610596,
                    0.8112560510635376,
                    1.2827084064483643
                ],
                [
                    0.9980266094207764,
                    -0.036573756486177444,
                    0.051041100174188614,
                    0.08070306479930878
                ],
                [
                    1.8626450382086546e-09,
                    0.8128600716590881,
                    0.582459032535553,
                    0.9209486246109009
                ],
                [
                    0.0,
                    0.0,
                    0.0,
                    1.0
                ]
            ]
        },
        {
            "file_path": "train/shape09194_rank07_92",
            "rotation": 0.06283185307179587,
            "transform_matrix": [
                [
                    -0.8763076663017273,
                    -0.28060081601142883,
                    0.3915969729423523,
                    0.6191691756248474
                ],
                [
                    0.48175203800201416,
                    -0.5104132294654846,
                    0.7123154401779175,
                    1.1262695789337158
                ],
                [
                    -1.4901162970204496e-08,
                    0.8128600120544434,
                    0.582459032535553,
                    0.9209486246109009
                ],
                [
                    0.0,
                    0.0,
                    0.0,
                    1.0
                ]
            ]
        },
        {
            "file_path": "train/shape09194_rank07_59",
            "rotation": 0.06283185307179587,
            "transform_matrix": [
                [
                    0.8443273305892944,
                    -0.3120977580547333,
                    0.43555304408073425,
                    0.6886698603630066
                ],
                [
                    0.5358278751373291,
                    0.49178600311279297,
                    -0.6863198280334473,
                    -1.0851670503616333
                ],
                [
                    0.0,
                    0.8128600120544434,
                    0.5824589729309082,
                    0.9209486246109009
                ],
                [
                    0.0,
                    0.0,
                    0.0,
                    1.0
                ]
            ]
        },
        {
            "file_path": "train/shape09194_rank07_44",
            "rotation": 0.06283185307179587,
            "transform_matrix": [
                [
                    0.9297769069671631,
                    0.2144169956445694,
                    -0.299233078956604,
                    -0.4731290340423584
                ],
                [
                    -0.36812373995780945,
                    0.5415568947792053,
                    -0.755778431892395,
                    -1.194990634918213
                ],
                [
                    0.0,
                    0.8128600120544434,
                    0.582459032535553,
                    0.9209486246109009
                ],
                [
                    0.0,
                    0.0,
                    0.0,
                    1.0
                ]
            ]
        },
        {
            "file_path": "train/shape09194_rank07_86",
            "rotation": 0.06283185307179587,
            "transform_matrix": [
                [
                    -0.6374253034591675,
                    -0.4487917721271515,
                    0.6263185143470764,
                    0.9902966022491455
                ],
                [
                    0.7705122232437134,
                    -0.37127411365509033,
                    0.518137514591217,
                    0.8192474842071533
                ],
                [
                    -1.4901162970204496e-08,
                    0.8128600120544434,
                    0.5824589729309082,
                    0.9209486246109009
                ],
                [
                    0.0,
                    0.0,
                    0.0,
                    1.0
                ]
            ]
        },
        {
            "file_path": "train/shape09194_rank07_77",
            "rotation": 0.06283185307179587,
            "transform_matrix": [
                [
                    -0.1253347247838974,
                    -0.5778660178184509,
                    0.8064502477645874,
                    1.2751097679138184
                ],
                [
                    0.9921145439147949,
                    -0.07300233095884323,
                    0.10187958180904388,
                    0.16108576953411102
                ],
                [
                    0.0,
                    0.8128600120544434,
                    0.582459032535553,
                    0.9209486246109009
                ],
                [
                    0.0,
                    0.0,
                    0.0,
                    1.0
                ]
            ]
        },
        {
            "file_path": "train/shape09194_rank07_53",
            "rotation": 0.06283185307179587,
            "transform_matrix": [
                [
                    0.9822870492935181,
                    -0.10914257168769836,
                    0.1523156613111496,
                    0.24083223938941956
                ],
                [
                    0.18738240003585815,
                    0.5721419453620911,
                    -0.7984618544578552,
                    -1.2624791860580444
                ],
                [
                    0.0,
                    0.8128600120544434,
                    0.5824589729309082,
                    0.9209486246109009
                ],
                [
                    0.0,
                    0.0,
                    0.0,
                    1.0
                ]
            ]
        },
        {
            "file_path": "train/shape09194_rank07_91",
            "rotation": 0.06283185307179587,
            "transform_matrix": [
                [
                    -0.8443289995193481,
                    -0.3120962083339691,
                    0.43555089831352234,
                    0.6886664628982544
                ],
                [
                    0.5358251929283142,
                    -0.49178698658943176,
                    0.6863212585449219,
                    1.0851691961288452
                ],
                [
                    0.0,
                    0.8128600120544434,
                    0.582459032535553,
                    0.9209486246109009
                ],
                [
                    0.0,
                    0.0,
                    0.0,
                    1.0
                ]
            ]
        },
        {
            "file_path": "train/shape09194_rank07_88",
            "rotation": 0.06283185307179587,
            "transform_matrix": [
                [
                    -0.7289697527885437,
                    -0.3987199068069458,
                    0.556439995765686,
                    0.8798088431358337
                ],
                [
                    0.6845458745956421,
                    -0.42459502816200256,
                    0.5925503969192505,
                    0.9369044899940491
                ],
                [
                    1.4901162970204496e-08,
                    0.8128600120544434,
                    0.582459032535553,
                    0.9209486246109009
                ],
                [
                    0.0,
                    0.0,
                    0.0,
                    1.0
                ]
            ]
        },
        {
            "file_path": "train/shape09194_rank07_57",
            "rotation": 0.06283185307179587,
            "transform_matrix": [
                [
                    0.9048264622688293,
                    -0.2479996383190155,
                    0.3460998833179474,
                    0.5472319722175598
                ],
                [
                    0.42578038573265076,
                    0.5270243883132935,
                    -0.7354973554611206,
                    -1.1629234552383423
                ],
                [
                    0.0,
                    0.8128600120544434,
                    0.582459032535553,
                    0.9209486246109009
                ],
                [
                    0.0,
                    0.0,
                    0.0,
                    1.0
                ]
            ]
        },
        {
            "file_path": "train/shape09194_rank07_3",
            "rotation": 0.06283185307179587,
            "transform_matrix": [
                [
                    -0.9822872877120972,
                    0.10914194583892822,
                    -0.15231478214263916,
                    -0.24083083868026733
                ],
                [
                    -0.1873813420534134,
                    -0.5721420645713806,
                    0.7984620332717896,
                    1.2624794244766235
                ],
                [
                    7.450581485102248e-09,
                    0.8128600120544434,
                    0.5824589729309082,
                    0.9209486246109009
                ],
                [
                    0.0,
                    0.0,
                    0.0,
                    1.0
                ]
            ]
        },
        {
            "file_path": "train/shape09194_rank07_13",
            "rotation": 0.06283185307179587,
            "transform_matrix": [
                [
                    -0.6845470666885376,
                    0.4245944023132324,
                    -0.5925495624542236,
                    -0.9369031190872192
                ],
                [
                    -0.7289687395095825,
                    -0.3987206220626831,
                    0.5564409494400024,
                    0.8798103928565979
                ],
                [
                    -1.4901162970204496e-08,
                    0.8128600120544434,
                    0.582459032535553,
                    0.9209486246109009
                ],
                [
                    0.0,
                    0.0,
                    0.0,
                    1.0
                ]
            ]
        },
        {
            "file_path": "train/shape09194_rank07_64",
            "rotation": 0.06283185307179587,
            "transform_matrix": [
                [
                    0.637423038482666,
                    -0.44879281520843506,
                    0.6263200044631958,
                    0.9902989268302917
                ],
                [
                    0.7705138921737671,
                    0.37127283215522766,
                    -0.5181357860565186,
                    -0.8192446231842041
                ],
                [
                    1.4901160305669237e-08,
                    0.8128600120544434,
                    0.582459032535553,
                    0.9209486246109009
                ],
                [
                    0.0,
                    0.0,
                    0.0,
                    1.0
                ]
            ]
        },
        {
            "file_path": "train/shape09194_rank07_63",
            "rotation": 0.06283185307179587,
            "transform_matrix": [
                [
                    0.6845460534095764,
                    -0.424594908952713,
                    0.5925503373146057,
                    0.9369043111801147
                ],
                [
                    0.7289696335792542,
                    0.39871999621391296,
                    -0.5564401745796204,
                    -0.8798091411590576
                ],
                [
                    0.0,
                    0.8128600716590881,
                    0.582459032535553,
                    0.9209486246109009
                ],
                [
                    0.0,
                    0.0,
                    0.0,
                    1.0
                ]
            ]
        },
        {
            "file_path": "train/shape09194_rank07_32",
            "rotation": 0.06283185307179587,
            "transform_matrix": [
                [
                    0.425779789686203,
                    0.527024507522583,
                    -0.7354975342750549,
                    -1.162923812866211
                ],
                [
                    -0.904826819896698,
                    0.24799926578998566,
                    -0.3460993766784668,
                    -0.5472311973571777
                ],
                [
                    0.0,
                    0.8128600716590881,
                    0.5824589729309082,
                    0.9209486246109009
                ],
                [
                    0.0,
                    0.0,
                    0.0,
                    1.0
                ]
            ]
        }
    ]
}