{
    "camera_angle_x": 0.8726646304130554,
    "frames": [
        {
            "file_path": "train/shape09149_rank00_30",
            "rotation": 0.06283185307179587,
            "transform_matrix": [
                [
                    0.309017539024353,
                    0.5539513826370239,
                    -0.7730756998062134,
                    -1.2223399877548218
                ],
                [
                    -0.9510563611984253,
                    0.1799900382757187,
                    -0.2511879801750183,
                    -0.397163063287735
                ],
                [
                    0.0,
                    0.8128600120544434,
                    0.582459032535553,
                    0.9209486246109009
                ],
                [
                    0.0,
                    0.0,
                    0.0,
                    1.0
                ]
            ]
        },
        {
            "file_path": "train/shape09149_rank00_15",
            "rotation": 0.06283185307179587,
            "transform_matrix": [
                [
                    -0.5877851843833923,
                    0.4712193012237549,
                    -0.6576176285743713,
                    -1.0397849082946777
                ],
                [
                    -0.8090171813964844,
                    -0.3423607647418976,
                    0.477787047624588,
                    0.7554476857185364
                ],
                [
                    0.0,
                    0.8128600120544434,
                    0.5824589729309082,
                    0.9209486246109009
                ],
                [
                    0.0,
                    0.0,
                    0.0,
                    1.0
                ]
            ]
        },
        {
            "file_path": "train/shape09149_rank00_8",
            "rotation": 0.06283185307179587,
            "transform_matrix": [
                [
                    -0.8763067722320557,
                    0.2806017994880676,
                    -0.39159831404685974,
                    -0.6191713213920593
                ],
                [
                    -0.48175370693206787,
                    -0.5104127526283264,
                    0.7123146653175354,
                    1.1262683868408203
                ],
                [
                    0.0,
                    0.8128600120544434,
                    0.582459032535553,
                    0.9209486246109009
                ],
                [
                    0.0,
                    0.0,
                    0.0,
                    1.0
                ]
            ]
        },
        {
            "file_path": "train/shape09149_rank00_65",
            "rotation": 0.06283185307179587,
            "transform_matrix": [
                [
                    0.5877843499183655,
                    -0.47121962904930115,
                    0.6576181650161743,
                    1.039785623550415
                ],
                [
                    0.8090177774429321,
                    0.342360258102417,
                    -0.4777863919734955,
                    -0.7554466128349304
                ],
                [
                    0.0,
                    0.8128600120544434,
                    0.582459032535553,
                    0.9209486246109009
                ],
                [
                    0.0,
                    0.0,
                    0.0,
                    1.0
                ]
            ]
        },
        {
            "file_path": "train/shape09149_rank00_62",
            "rotation": 0.06283185307179587,
            "transform_matrix": [
                [
                    0.7289677858352661,
                    -0.3987211585044861,
                    0.5564417839050293,
                    0.879811704158783
                ],
                [
                    0.684548020362854,
                    0.42459380626678467,
                    -0.5925487875938416,
                    -0.936901867389679
                ],
                [
                    0.0,
                    0.8128600716590881,
                    0.582459032535553,
                    0.9209486246109009
                ],
                [
                    0.0,
                    0.0,
                    0.0,
                    1.0
                ]
            ]
        },
        {
            "file_path": "train/shape09149_rank00_3",
            "rotation": 0.06283185307179587,
            "transform_matrix": [
                [
                    -0.9822872877120972,
                    0.10914194583892822,
                    -0.15231478214263916,
                    -0.24083083868026733
                ],
                [
                    -0.1873813420534134,
                    -0.5721420645713806,
                    0.7984620332717896,
                    1.2624794244766235
                ],
                [
                    7.450581485102248e-09,
                    0.8128600120544434,
                    0.5824589729309082,
                    0.9209486246109009
                ],
                [
                    0.0,
                    0.0,
                    0.0,
                    1.0
                ]
            ]
        },
        {
            "file_path": "train/shape09149_rank00_19",
            "rotation": 0.06283185307179587,
            "transform_matrix": [
                [
                    -0.3681243360042572,
                    0.5415567755699158,
                    -0.7557782530784607,
                    -1.1949903964996338
                ],
                [
                    -0.929776668548584,
                    -0.21441732347011566,
                    0.2992335557937622,
                    0.4731297791004181
                ],
                [
                    1.4901162970204496e-08,
                    0.8128600120544434,
                    0.582459032535553,
                    0.9209486246109009
                ],
                [
                    0.0,
                    0.0,
                    0.0,
                    1.0
                ]
            ]
        },
        {
            "file_path": "train/shape09149_rank00_84",
            "rotation": 0.06283185307179587,
            "transform_matrix": [
                [
                    -0.5358282327651978,
                    -0.49178585410118103,
                    0.6863197684288025,
                    1.0851668119430542
                ],
                [
                    0.8443270921707153,
                    -0.31209796667099,
                    0.4355533719062805,
                    0.6886703372001648
                ],
                [
                    1.4901161193847656e-08,
                    0.8128600716590881,
                    0.582459032535553,
                    0.9209486246109009
                ],
                [
                    0.0,
                    0.0,
                    0.0,
                    1.0
                ]
            ]
        },
        {
            "file_path": "train/shape09149_rank00_69",
            "rotation": 0.06283185307179587,
            "transform_matrix": [
                [
                    0.3681233525276184,
                    -0.5415569543838501,
                    0.7557786107063293,
                    1.194990873336792
                ],
                [
                    0.9297770261764526,
                    0.2144167572259903,
                    -0.2992327809333801,
                    -0.4731285572052002
                ],
                [
                    -1.4901161193847656e-08,
                    0.8128600716590881,
                    0.582459032535553,
                    0.9209486246109009
                ],
                [
                    0.0,
                    0.0,
                    0.0,
                    1.0
                ]
            ]
        },
        {
            "file_path": "train/shape09149_rank00_29",
            "rotation": 0.06283185307179587,
            "transform_matrix": [
                [
                    0.24869035184383392,
                    0.5641599297523499,
                    -0.787322461605072,
                    -1.244866132736206
                ],
                [
                    -0.9685830473899841,
                    0.1448519378900528,
                    -0.20215046405792236,
                    -0.31962794065475464
                ],
                [
                    -7.450580596923828e-09,
                    0.8128600120544434,
                    0.582459032535553,
                    0.9209486246109009
                ],
                [
                    0.0,
                    0.0,
                    0.0,
                    1.0
                ]
            ]
        },
        {
            "file_path": "train/shape09149_rank00_9",
            "rotation": 0.06283185307179587,
            "transform_matrix": [
                [
                    -0.8443278670310974,
                    0.3120971918106079,
                    -0.4355522692203522,
                    -0.6886686086654663
                ],
                [
                    -0.5358268618583679,
                    -0.491786390542984,
                    0.686320424079895,
                    1.0851678848266602
                ],
                [
                    0.0,
                    0.8128600120544434,
                    0.582459032535553,
                    0.9209486246109009
                ],
                [
                    0.0,
                    0.0,
                    0.0,
                    1.0
                ]
            ]
        },
        {
            "file_path": "train/shape09149_rank00_74",
            "rotation": 0.06283185307179587,
            "transform_matrix": [
                [
                    0.06278910487890244,
                    -0.5813097357749939,
                    0.8112561106681824,
                    1.2827086448669434
                ],
                [
                    0.9980268478393555,
                    0.03657208010554314,
                    -0.05103875324130058,
                    -0.0806993618607521
                ],
                [
                    0.0,
                    0.8128600120544434,
                    0.5824589729309082,
                    0.9209486246109009
                ],
                [
                    0.0,
                    0.0,
                    0.0,
                    1.0
                ]
            ]
        },
        {
            "file_path": "train/shape09149_rank00_46",
            "rotation": 0.06283185307179587,
            "transform_matrix": [
                [
                    0.9685834646224976,
                    0.14485113322734833,
                    -0.20214933156967163,
                    -0.3196261525154114
                ],
                [
                    -0.24868899583816528,
                    0.564160168170929,
                    -0.7873227596282959,
                    -1.2448666095733643
                ],
                [
                    7.450581485102248e-09,
                    0.8128600120544434,
                    0.582459032535553,
                    0.9209486246109009
                ],
                [
                    0.0,
                    0.0,
                    0.0,
                    1.0
                ]
            ]
        },
        {
            "file_path": "train/shape09149_rank00_35",
            "rotation": 0.06283185307179587,
            "transform_matrix": [
                [
                    0.5877857804298401,
                    0.4712190330028534,
                    -0.6576172709465027,
                    -1.03978431224823
                ],
                [
                    -0.8090167045593262,
                    0.34236112236976624,
                    -0.4777875542640686,
                    -0.7554485201835632
                ],
                [
                    1.4901162970204496e-08,
                    0.8128600120544434,
                    0.5824589729309082,
                    0.9209486246109009
                ],
                [
                    0.0,
                    0.0,
                    0.0,
                    1.0
                ]
            ]
        },
        {
            "file_path": "train/shape09149_rank00_79",
            "rotation": 0.06283185307179587,
            "transform_matrix": [
                [
                    -0.2486913800239563,
                    -0.5641598105430603,
                    0.7873222231864929,
                    1.2448657751083374
                ],
                [
                    0.968582808971405,
                    -0.14485254883766174,
                    0.20215128362178802,
                    0.3196292519569397
                ],
                [
                    0.0,
                    0.8128600120544434,
                    0.582459032535553,
                    0.9209486246109009
                ],
                [
                    0.0,
                    0.0,
                    0.0,
                    1.0
                ]
            ]
        },
        {
            "file_path": "train/shape09149_rank00_56",
            "rotation": 0.06283185307179587,
            "transform_matrix": [
                [
                    0.929776132106781,
                    -0.21441811323165894,
                    0.29923465847969055,
                    0.47313153743743896
                ],
                [
                    0.36812567710876465,
                    0.5415564775466919,
                    -0.7557778358459473,
                    -1.1949896812438965
                ],
                [
                    -1.4901162970204496e-08,
                    0.8128600120544434,
                    0.582459032535553,
                    0.9209486246109009
                ],
                [
                    0.0,
                    0.0,
                    0.0,
                    1.0
                ]
            ]
        },
        {
            "file_path": "train/shape09149_rank00_63",
            "rotation": 0.06283185307179587,
            "transform_matrix": [
                [
                    0.6845460534095764,
                    -0.424594908952713,
                    0.5925503373146057,
                    0.9369043111801147
                ],
                [
                    0.7289696335792542,
                    0.39871999621391296,
                    -0.5564401745796204,
                    -0.8798091411590576
                ],
                [
                    0.0,
                    0.8128600716590881,
                    0.582459032535553,
                    0.9209486246109009
                ],
                [
                    0.0,
                    0.0,
                    0.0,
                    1.0
                ]
            ]
        },
        {
            "file_path": "train/shape09149_rank00_90",
            "rotation": 0.06283185307179587,
            "transform_matrix": [
                [
                    -0.8090181350708008,
                    -0.3423599302768707,
                    0.4777859151363373,
                    0.7554459571838379
                ],
                [
                    0.5877837538719177,
                    -0.47121983766555786,
                    0.6576184630393982,
                    1.0397862195968628
                ],
                [
                    -1.4901162970204496e-08,
                    0.8128600716590881,
                    0.5824589729309082,
                    0.9209486246109009
                ],
                [
                    0.0,
                    0.0,
                    0.0,
                    1.0
                ]
            ]
        },
        {
            "file_path": "train/shape09149_rank00_87",
            "rotation": 0.06283185307179587,
            "transform_matrix": [
                [
                    -0.6845483779907227,
                    -0.42459362745285034,
                    0.5925484895706177,
                    0.9369013905525208
                ],
                [
                    0.7289674282073975,
                    -0.3987213671207428,
                    0.5564420223236084,
                    0.8798121213912964
                ],
                [
                    0.0,
                    0.8128600120544434,
                    0.582459032535553,
                    0.9209486246109009
                ],
                [
                    0.0,
                    0.0,
                    0.0,
                    1.0
                ]
            ]
        },
        {
            "file_path": "train/shape09149_rank00_67",
            "rotation": 0.06283185307179587,
            "transform_matrix": [
                [
                    0.48175257444381714,
                    -0.5104130506515503,
                    0.7123152017593384,
                    1.1262693405151367
                ],
                [
                    0.8763073682785034,
                    0.2806010842323303,
                    -0.3915974199771881,
                    -0.6191699504852295
                ],
                [
                    1.4901162970204496e-08,
                    0.8128600120544434,
                    0.5824589729309082,
                    0.9209486246109009
                ],
                [
                    0.0,
                    0.0,
                    0.0,
                    1.0
                ]
            ]
        },
        {
            "file_path": "train/shape09149_rank00_64",
            "rotation": 0.06283185307179587,
            "transform_matrix": [
                [
                    0.6374230980873108,
                    -0.44879281520843506,
                    0.6263200044631958,
                    0.9902989268302917
                ],
                [
                    0.7705139517784119,
                    0.37127283215522766,
                    -0.5181357860565186,
                    -0.8192446231842041
                ],
                [
                    1.4901161193847656e-08,
                    0.8128600120544434,
                    0.582459032535553,
                    0.9209486246109009
                ],
                [
                    0.0,
                    0.0,
                    0.0,
                    1.0
                ]
            ]
        },
        {
            "file_path": "train/shape09149_rank00_97",
            "rotation": 0.06283185307179587,
            "transform_matrix": [
                [
                    -0.9822876453399658,
                    -0.1091407909989357,
                    0.15231318771839142,
                    0.24082830548286438
                ],
                [
                    0.18737934529781342,
                    -0.5721422433853149,
                    0.7984623908996582,
                    1.2624799013137817
                ],
                [
                    -7.450581485102248e-09,
                    0.8128600120544434,
                    0.582459032535553,
                    0.9209486246109009
                ],
                [
                    0.0,
                    0.0,
                    0.0,
                    1.0
                ]
            ]
        },
        {
            "file_path": "train/shape09149_rank00_12",
            "rotation": 0.06283185307179587,
            "transform_matrix": [
                [
                    -0.7289685606956482,
                    0.3987206816673279,
                    -0.556441068649292,
                    -0.879810631275177
                ],
                [
                    -0.6845471858978271,
                    -0.42459431290626526,
                    0.5925494432449341,
                    0.9369029402732849
                ],
                [
                    0.0,
                    0.8128600120544434,
                    0.582459032535553,
                    0.9209486246109009
                ],
                [
                    0.0,
                    0.0,
                    0.0,
                    1.0
                ]
            ]
        },
        {
            "file_path": "train/shape09149_rank00_40",
            "rotation": 0.06283185307179587,
            "transform_matrix": [
                [
                    0.8090174198150635,
                    0.3423604667186737,
                    -0.477786660194397,
                    -0.7554470300674438
                ],
                [
                    -0.5877846479415894,
                    0.4712195098400116,
                    -0.65761798620224,
                    -1.039785385131836
                ],
                [
                    -1.4901161193847656e-08,
                    0.8128600120544434,
                    0.582459032535553,
                    0.9209486246109009
                ],
                [
                    0.0,
                    0.0,
                    0.0,
                    1.0
                ]
            ]
        },
        {
            "file_path": "train/shape09149_rank00_77",
            "rotation": 0.06283185307179587,
            "transform_matrix": [
                [
                    -0.1253347247838974,
                    -0.5778660178184509,
                    0.8064502477645874,
                    1.2751097679138184
                ],
                [
                    0.9921145439147949,
                    -0.07300233095884323,
                    0.10187958180904388,
                    0.16108576953411102
                ],
                [
                    0.0,
                    0.8128600120544434,
                    0.582459032535553,
                    0.9209486246109009
                ],
                [
                    0.0,
                    0.0,
                    0.0,
                    1.0
                ]
            ]
        },
        {
            "file_path": "train/shape09149_rank00_85",
            "rotation": 0.06283185307179587,
            "transform_matrix": [
                [
                    -0.5877866148948669,
                    -0.47121867537498474,
                    0.6576167941093445,
                    1.0397834777832031
                ],
                [
                    0.8090160489082336,
                    -0.34236159920692444,
                    0.4777882695198059,
                    0.7554495930671692
                ],
                [
                    -2.980232594040899e-08,
                    0.8128600120544434,
                    0.582459032535553,
                    0.9209486246109009
                ],
                [
                    0.0,
                    0.0,
                    0.0,
                    1.0
                ]
            ]
        },
        {
            "file_path": "train/shape09149_rank00_92",
            "rotation": 0.06283185307179587,
            "transform_matrix": [
                [
                    -0.8763076663017273,
                    -0.28060081601142883,
                    0.3915969729423523,
                    0.6191691756248474
                ],
                [
                    0.48175203800201416,
                    -0.5104132294654846,
                    0.7123154401779175,
                    1.1262695789337158
                ],
                [
                    -1.4901162970204496e-08,
                    0.8128600120544434,
                    0.582459032535553,
                    0.9209486246109009
                ],
                [
                    0.0,
                    0.0,
                    0.0,
                    1.0
                ]
            ]
        },
        {
            "file_path": "train/shape09149_rank00_24",
            "rotation": 0.06283185307179587,
            "transform_matrix": [
                [
                    -0.062790147960186,
                    0.5813096761703491,
                    -0.8112561106681824,
                    -1.2827085256576538
                ],
                [
                    -0.9980268478393555,
                    -0.036572687327861786,
                    0.05103960260748863,
                    0.08070069551467896
                ],
                [
                    0.0,
                    0.8128600120544434,
                    0.582459032535553,
                    0.9209486246109009
                ],
                [
                    0.0,
                    0.0,
                    0.0,
                    1.0
                ]
            ]
        },
        {
            "file_path": "train/shape09149_rank00_6",
            "rotation": 0.06283185307179587,
            "transform_matrix": [
                [
                    -0.9297764897346497,
                    0.2144174724817276,
                    -0.2992337644100189,
                    -0.47313010692596436
                ],
                [
                    -0.3681245744228363,
                    -0.5415566563606262,
                    0.7557781338691711,
                    1.1949901580810547
                ],
                [
                    0.0,
                    0.8128600120544434,
                    0.582459032535553,
                    0.9209486246109009
                ],
                [
                    0.0,
                    0.0,
                    0.0,
                    1.0
                ]
            ]
        },
        {
            "file_path": "train/shape09149_rank00_61",
            "rotation": 0.06283185307179587,
            "transform_matrix": [
                [
                    0.7705123424530029,
                    -0.3712739646434784,
                    0.5181373357772827,
                    0.8192470669746399
                ],
                [
                    0.6374249458312988,
                    0.44879189133644104,
                    -0.6263187527656555,
                    -0.9902969002723694
                ],
                [
                    0.0,
                    0.8128600120544434,
                    0.582459032535553,
                    0.9209486246109009
                ],
                [
                    0.0,
                    0.0,
                    0.0,
                    1.0
                ]
            ]
        },
        {
            "file_path": "train/shape09149_rank00_83",
            "rotation": 0.06283185307179587,
            "transform_matrix": [
                [
                    -0.4817551374435425,
                    -0.5104122757911682,
                    0.7123140692710876,
                    1.1262673139572144
                ],
                [
                    0.876305878162384,
                    -0.2806026339530945,
                    0.39159953594207764,
                    0.6191731691360474
                ],
                [
                    -1.4901161193847656e-08,
                    0.8128600120544434,
                    0.5824590921401978,
                    0.9209486246109009
                ],
                [
                    0.0,
                    0.0,
                    0.0,
                    1.0
                ]
            ]
        },
        {
            "file_path": "train/shape09149_rank00_42",
            "rotation": 0.06283185307179587,
            "transform_matrix": [
                [
                    0.8763071298599243,
                    0.2806013524532318,
                    -0.391597718000412,
                    -0.6191703677177429
                ],
                [
                    -0.48175299167633057,
                    0.5104129314422607,
                    -0.712315022945404,
                    -1.126268982887268
                ],
                [
                    -2.980232594040899e-08,
                    0.8128600120544434,
                    0.582459032535553,
                    0.9209486246109009
                ],
                [
                    0.0,
                    0.0,
                    0.0,
                    1.0
                ]
            ]
        },
        {
            "file_path": "train/shape09149_rank00_86",
            "rotation": 0.06283185307179587,
            "transform_matrix": [
                [
                    -0.6374253034591675,
                    -0.4487917721271515,
                    0.6263185739517212,
                    0.9902966022491455
                ],
                [
                    0.7705122232437134,
                    -0.37127411365509033,
                    0.5181375741958618,
                    0.8192474842071533
                ],
                [
                    -1.4901162970204496e-08,
                    0.8128600120544434,
                    0.582459032535553,
                    0.9209486246109009
                ],
                [
                    0.0,
                    0.0,
                    0.0,
                    1.0
                ]
            ]
        },
        {
            "file_path": "train/shape09149_rank00_18",
            "rotation": 0.06283185307179587,
            "transform_matrix": [
                [
                    -0.4257791042327881,
                    0.5270247459411621,
                    -0.7354978322982788,
                    -1.1629241704940796
                ],
                [
                    -0.9048272371292114,
                    -0.24799886345863342,
                    0.34609878063201904,
                    0.5472302436828613
                ],
                [
                    0.0,
                    0.8128600120544434,
                    0.582459032535553,
                    0.9209486246109009
                ],
                [
                    0.0,
                    0.0,
                    0.0,
                    1.0
                ]
            ]
        },
        {
            "file_path": "train/shape09149_rank00_49",
            "rotation": 0.06283185307179587,
            "transform_matrix": [
                [
                    0.9980268478393555,
                    0.03657231479883194,
                    -0.05103908106684685,
                    -0.0806998759508133
                ],
                [
                    -0.06278950721025467,
                    0.5813096761703491,
                    -0.8112561106681824,
                    -1.2827085256576538
                ],
                [
                    -1.862645371275562e-09,
                    0.8128600120544434,
                    0.582459032535553,
                    0.9209486246109009
                ],
                [
                    0.0,
                    0.0,
                    0.0,
                    1.0
                ]
            ]
        },
        {
            "file_path": "train/shape09149_rank00_91",
            "rotation": 0.06283185307179587,
            "transform_matrix": [
                [
                    -0.8443289399147034,
                    -0.3120962083339691,
                    0.43555089831352234,
                    0.6886664628982544
                ],
                [
                    0.5358251333236694,
                    -0.49178698658943176,
                    0.6863212585449219,
                    1.0851691961288452
                ],
                [
                    0.0,
                    0.8128600120544434,
                    0.582459032535553,
                    0.9209486246109009
                ],
                [
                    0.0,
                    0.0,
                    0.0,
                    1.0
                ]
            ]
        },
        {
            "file_path": "train/shape09149_rank00_73",
            "rotation": 0.06283185307179587,
            "transform_matrix": [
                [
                    0.125331848859787,
                    -0.5778663158416748,
                    0.806450605392456,
                    1.2751103639602661
                ],
                [
                    0.9921149015426636,
                    0.07300066947937012,
                    -0.10187725722789764,
                    -0.16108208894729614
                ],
                [
                    3.725290298461914e-09,
                    0.8128600120544434,
                    0.582459032535553,
                    0.9209486246109009
                ],
                [
                    0.0,
                    0.0,
                    0.0,
                    1.0
                ]
            ]
        },
        {
            "file_path": "train/shape09149_rank00_33",
            "rotation": 0.06283185307179587,
            "transform_matrix": [
                [
                    0.4817543029785156,
                    0.5104125142097473,
                    -0.7123144268989563,
                    -1.1262680292129517
                ],
                [
                    -0.876306414604187,
                    0.2806020975112915,
                    -0.39159879088401794,
                    -0.6191720366477966
                ],
                [
                    0.0,
                    0.8128600120544434,
                    0.582459032535553,
                    0.9209486246109009
                ],
                [
                    0.0,
                    0.0,
                    0.0,
                    1.0
                ]
            ]
        },
        {
            "file_path": "train/shape09149_rank00_41",
            "rotation": 0.06283185307179587,
            "transform_matrix": [
                [
                    0.8443283438682556,
                    0.3120967149734497,
                    -0.43555161356925964,
                    -0.6886675953865051
                ],
                [
                    -0.5358260869979858,
                    0.4917866587638855,
                    -0.6863207817077637,
                    -1.085168480873108
                ],
                [
                    1.4901161193847656e-08,
                    0.8128600120544434,
                    0.582459032535553,
                    0.9209486246109009
                ],
                [
                    0.0,
                    0.0,
                    0.0,
                    1.0
                ]
            ]
        },
        {
            "file_path": "train/shape09149_rank00_82",
            "rotation": 0.06283185307179587,
            "transform_matrix": [
                [
                    -0.4257807731628418,
                    -0.5270242691040039,
                    0.735497236251831,
                    1.1629230976104736
                ],
                [
                    0.9048264026641846,
                    -0.24799984693527222,
                    0.34610018134117126,
                    0.5472323894500732
                ],
                [
                    1.4901161193847656e-08,
                    0.8128600120544434,
                    0.5824590921401978,
                    0.9209486246109009
                ],
                [
                    0.0,
                    0.0,
                    0.0,
                    1.0
                ]
            ]
        }
    ]
}