{
    "shape09108_rank00_23.png": {
        "K": [
            274.49688720703125,
            0.0,
            128.0,
            0.0,
            0.0,
            274.49688720703125,
            128.0,
            0.0,
            0.0,
            0.0,
            1.0,
            0.0,
            0.0,
            0.0,
            0.0,
            1.0
        ],
        "W2C": [
            -0.1253329003903266,
            -0.9921147036597295,
            -5.7901144860665845e-09,
            -5.548477220233047e-09,
            -0.5778662332586341,
            0.07300129191323708,
            -0.8128601167322733,
            2.276932759014198e-08,
            0.8064505417482702,
            -0.10187811741341535,
            -0.5824590769153987,
            1.581139013909343,
            0.0,
            0.0,
            0.0,
            1.0
        ],
        "img_size": [
            256,
            256
        ]
    },
    "shape09108_rank00_92.png": {
        "K": [
            274.49688720703125,
            0.0,
            128.0,
            0.0,
            0.0,
            274.49688720703125,
            128.0,
            0.0,
            0.0,
            0.0,
            1.0,
            0.0,
            0.0,
            0.0,
            0.0,
            1.0
        ],
        "W2C": [
            -0.876307526607948,
            0.4817519763031691,
            -3.39732850977918e-08,
            4.462988658676433e-08,
            0.28060085575975635,
            0.5104133445503134,
            -0.8128601786080395,
            4.0300819150311856e-08,
            -0.39159699792160857,
            -0.7123155336964656,
            -0.5824590737459148,
            1.5811389894429904,
            0.0,
            0.0,
            0.0,
            1.0
        ],
        "img_size": [
            256,
            256
        ]
    },
    "shape09108_rank00_44.png": {
        "K": [
            274.49688720703125,
            0.0,
            128.0,
            0.0,
            0.0,
            274.49688720703125,
            128.0,
            0.0,
            0.0,
            0.0,
            1.0,
            0.0,
            0.0,
            0.0,
            0.0,
            1.0
        ],
        "W2C": [
            0.9297767853045772,
            -0.3681237259925876,
            -1.3617483051839866e-08,
            -2.0517424746571652e-10,
            -0.21441699861126126,
            -0.5415569698173117,
            -0.8128601660167629,
            3.7252546095003087e-08,
            0.29923307802874716,
            0.755778506629299,
            -0.5824590913178733,
            1.581138993697058,
            0.0,
            0.0,
            0.0,
            1.0
        ],
        "img_size": [
            256,
            256
        ]
    },
    "shape09108_rank00_87.png": {
        "K": [
            274.49688720703125,
            0.0,
            128.0,
            0.0,
            0.0,
            274.49688720703125,
            128.0,
            0.0,
            0.0,
            0.0,
            1.0,
            0.0,
            0.0,
            0.0,
            0.0,
            1.0
        ],
        "W2C": [
            -0.6845483865174443,
            0.7289674295325733,
            7.587399386719763e-09,
            -5.236114054905465e-08,
            0.4245937302741938,
            0.39872144915854313,
            -0.8128601601120162,
            2.6113994134692962e-08,
            -0.5925485835756952,
            -0.5564421071115918,
            -0.5824590995583373,
            1.5811390092416424,
            0.0,
            0.0,
            0.0,
            1.0
        ],
        "img_size": [
            256,
            256
        ]
    },
    "shape09108_rank00_79.png": {
        "K": [
            274.49688720703125,
            0.0,
            128.0,
            0.0,
            0.0,
            274.49688720703125,
            128.0,
            0.0,
            0.0,
            0.0,
            1.0,
            0.0,
            0.0,
            0.0,
            0.0,
            1.0
        ],
        "W2C": [
            -0.24869136012049356,
            0.9685826883610106,
            6.887450841604538e-10,
            2.0055745148417344e-09,
            0.5641598068052365,
            0.14485254062085762,
            -0.8128600752449748,
            2.391169567131262e-08,
            -0.7873223156864896,
            -0.20215129886779867,
            -0.5824591348136671,
            1.581139012315093,
            0.0,
            0.0,
            0.0,
            1.0
        ],
        "img_size": [
            256,
            256
        ]
    },
    "shape09108_rank00_16.png": {
        "K": [
            274.49688720703125,
            0.0,
            128.0,
            0.0,
            0.0,
            274.49688720703125,
            128.0,
            0.0,
            0.0,
            0.0,
            1.0,
            0.0,
            0.0,
            0.0,
            0.0,
            1.0
        ],
        "W2C": [
            -0.5358266421506139,
            -0.8443279353564045,
            6.517142975030343e-09,
            -5.445351966582826e-08,
            -0.49178643388478666,
            0.31209708625011934,
            -0.8128600868712487,
            2.5762279259359194e-08,
            0.6863206086171331,
            -0.4355521979140181,
            -0.5824590950108598,
            1.5811391715348424,
            0.0,
            0.0,
            0.0,
            1.0
        ],
        "img_size": [
            256,
            256
        ]
    },
    "shape09108_rank00_3.png": {
        "K": [
            274.49688720703125,
            0.0,
            128.0,
            0.0,
            0.0,
            274.49688720703125,
            128.0,
            0.0,
            0.0,
            0.0,
            1.0,
            0.0,
            0.0,
            0.0,
            0.0,
            1.0
        ],
        "W2C": [
            -0.982287206324383,
            -0.1873813260197477,
            2.6942573606946795e-09,
            1.442580701355886e-08,
            -0.1091419721868364,
            0.5721421599601725,
            -0.8128601600792927,
            -1.1096283543628981e-08,
            0.15231481550887177,
            -0.7984621611984642,
            -0.5824590996040051,
            1.581139061171042,
            0.0,
            0.0,
            0.0,
            1.0
        ],
        "img_size": [
            256,
            256
        ]
    },
    "shape09108_rank00_66.png": {
        "K": [
            274.49688720703125,
            0.0,
            128.0,
            0.0,
            0.0,
            274.49688720703125,
            128.0,
            0.0,
            0.0,
            0.0,
            1.0,
            0.0,
            0.0,
            0.0,
            0.0,
            1.0
        ],
        "W2C": [
            0.5358257551887176,
            0.8443285074114952,
            3.920219479440408e-09,
            -2.1497916189162182e-08,
            0.49178686829369084,
            -0.31209658613566627,
            -0.8128601609382077,
            4.590076042096513e-08,
            -0.6863210439786015,
            0.43555139152448974,
            -0.5824590984053327,
            1.5811389816279038,
            0.0,
            0.0,
            0.0,
            1.0
        ],
        "img_size": [
            256,
            256
        ]
    },
    "shape09108_rank00_91.png": {
        "K": [
            274.49688720703125,
            0.0,
            128.0,
            0.0,
            0.0,
            274.49688720703125,
            128.0,
            0.0,
            0.0,
            0.0,
            1.0,
            0.0,
            0.0,
            0.0,
            0.0,
            1.0
        ],
        "W2C": [
            -0.8443289041644061,
            0.5358251625171541,
            2.0061824043554874e-09,
            3.723172179395141e-08,
            0.3120962479643714,
            0.4917870907812173,
            -0.8128601672679654,
            3.190738231600273e-08,
            -0.4355509641552608,
            -0.686321424707812,
            -0.5824591491764006,
            1.5811391629589497,
            0.0,
            0.0,
            0.0,
            1.0
        ],
        "img_size": [
            256,
            256
        ]
    },
    "shape09108_rank00_29.png": {
        "K": [
            274.49688720703125,
            0.0,
            128.0,
            0.0,
            0.0,
            274.49688720703125,
            128.0,
            0.0,
            0.0,
            0.0,
            1.0,
            0.0,
            0.0,
            0.0,
            0.0,
            1.0
        ],
        "W2C": [
            0.24869034456817124,
            -0.9685829746859344,
            -7.431795596032811e-09,
            1.2783594253299985e-08,
            -0.5641599982584775,
            -0.14485194899672516,
            -0.8128601775591965,
            5.7089968248927796e-08,
            0.7873226025278495,
            0.20215049147044425,
            -0.5824591348143067,
            1.5811391278149847,
            0.0,
            0.0,
            0.0,
            1.0
        ],
        "img_size": [
            256,
            256
        ]
    },
    "shape09108_rank00_25.png": {
        "K": [
            274.49688720703125,
            0.0,
            128.0,
            0.0,
            0.0,
            274.49688720703125,
            128.0,
            0.0,
            0.0,
            0.0,
            1.0,
            0.0,
            0.0,
            0.0,
            0.0,
            1.0
        ],
        "W2C": [
            4.0133924287073115e-07,
            -0.9999999999998389,
            5.425258785597562e-15,
            1.5824267672829766e-14,
            -0.5824590657678546,
            -2.3376370434276092e-07,
            -0.8128600820100177,
            1.4799605823052066e-08,
            0.8128601416145409,
            3.2623268272945225e-07,
            -0.5824591253726027,
            1.5811390250316169,
            0.0,
            0.0,
            0.0,
            1.0
        ],
        "img_size": [
            256,
            256
        ]
    },
    "shape09108_rank00_98.png": {
        "K": [
            274.49688720703125,
            0.0,
            128.0,
            0.0,
            0.0,
            274.49688720703125,
            128.0,
            0.0,
            0.0,
            0.0,
            1.0,
            0.0,
            0.0,
            0.0,
            0.0,
            1.0
        ],
        "W2C": [
            -0.992114892826416,
            0.12533119950339722,
            -4.117100918128296e-09,
            3.747326798480612e-09,
            0.07300029915934429,
            0.5778663013674189,
            -0.8128601021113789,
            3.344257994616617e-08,
            -0.10187674577540055,
            -0.8064506951316323,
            -0.5824590141375915,
            1.5811389990141105,
            0.0,
            0.0,
            0.0,
            1.0
        ],
        "img_size": [
            256,
            256
        ]
    },
    "shape09108_rank00_1.png": {
        "K": [
            274.49688720703125,
            0.0,
            128.0,
            0.0,
            0.0,
            274.49688720703125,
            128.0,
            0.0,
            0.0,
            0.0,
            1.0,
            0.0,
            0.0,
            0.0,
            0.0,
            1.0
        ],
        "W2C": [
            -0.9980267272981269,
            -0.06279052587453512,
            2.775371770687613e-09,
            -1.538699792635794e-09,
            -0.0365729168691307,
            0.5813097412752296,
            -0.8128600678075495,
            -7.975728807916262e-09,
            0.051039912283193635,
            -0.8112561006690523,
            -0.5824590855884297,
            1.5811388950137668,
            0.0,
            0.0,
            0.0,
            1.0
        ],
        "img_size": [
            256,
            256
        ]
    },
    "shape09108_rank00_40.png": {
        "K": [
            274.49688720703125,
            0.0,
            128.0,
            0.0,
            0.0,
            274.49688720703125,
            128.0,
            0.0,
            0.0,
            0.0,
            1.0,
            0.0,
            0.0,
            0.0,
            0.0,
            1.0
        ],
        "W2C": [
            0.8090175276907824,
            -0.5877846786714198,
            -1.2534493498136327e-08,
            -1.8376822575365724e-08,
            -0.3423604936935044,
            -0.47121951856437777,
            -0.8128601004226161,
            4.720005469373776e-09,
            0.47778668697473825,
            0.657618012770556,
            -0.5824590996766035,
            1.5811390390983662,
            0.0,
            0.0,
            0.0,
            1.0
        ],
        "img_size": [
            256,
            256
        ]
    },
    "shape09108_rank00_22.png": {
        "K": [
            274.49688720703125,
            0.0,
            128.0,
            0.0,
            0.0,
            274.49688720703125,
            128.0,
            0.0,
            0.0,
            0.0,
            1.0,
            0.0,
            0.0,
            0.0,
            0.0,
            1.0
        ],
        "W2C": [
            -0.1873810051162164,
            -0.9822872704713305,
            1.6490838424621498e-09,
            -7.68531926920869e-09,
            -0.5721421852334344,
            0.10914177327484131,
            -0.8128600924494591,
            -1.1845220121149124e-08,
            0.7984622526209623,
            -0.1523145616478545,
            -0.5824591108036717,
            1.5811390622162333,
            0.0,
            0.0,
            0.0,
            1.0
        ],
        "img_size": [
            256,
            256
        ]
    },
    "shape09108_rank00_60.png": {
        "K": [
            274.49688720703125,
            0.0,
            128.0,
            0.0,
            0.0,
            274.49688720703125,
            128.0,
            0.0,
            0.0,
            0.0,
            1.0,
            0.0,
            0.0,
            0.0,
            0.0,
            1.0
        ],
        "W2C": [
            0.8090162665147165,
            0.5877863043358874,
            -2.7931709592501156e-09,
            -4.1348124996388315e-08,
            0.34236147106035597,
            -0.4712188868152573,
            -0.8128601574044264,
            2.753528524574258e-08,
            -0.47778803661725944,
            0.657617067864337,
            -0.5824591033369577,
            1.5811390072581368,
            0.0,
            0.0,
            0.0,
            1.0
        ],
        "img_size": [
            256,
            256
        ]
    },
    "shape09108_rank00_6.png": {
        "K": [
            274.49688720703125,
            0.0,
            128.0,
            0.0,
            0.0,
            274.49688720703125,
            128.0,
            0.0,
            0.0,
            0.0,
            1.0,
            0.0,
            0.0,
            0.0,
            0.0,
            1.0
        ],
        "W2C": [
            -0.929776516397816,
            -0.3681246245197392,
            -2.5500677339444398e-09,
            4.297630418356916e-08,
            -0.21441752170396303,
            0.5415568203765029,
            -0.8128601606599973,
            -8.401366494352766e-09,
            0.2992338080391486,
            -0.7557782980747836,
            -0.5824590987935935,
            1.581139057410107,
            0.0,
            0.0,
            0.0,
            1.0
        ],
        "img_size": [
            256,
            256
        ]
    },
    "shape09108_rank00_21.png": {
        "K": [
            274.49688720703125,
            0.0,
            128.0,
            0.0,
            0.0,
            274.49688720703125,
            128.0,
            0.0,
            0.0,
            0.0,
            1.0,
            0.0,
            0.0,
            0.0,
            0.0,
            1.0
        ],
        "W2C": [
            -0.2486895759214512,
            -0.9685831921774039,
            4.827268048869443e-09,
            4.122504586064069e-09,
            -0.5641600930712918,
            0.14485150152716425,
            -0.8128600847911013,
            4.601651466488435e-09,
            0.7873227151896992,
            -0.2021498487438391,
            -0.5824591214914164,
            1.5811390392635365,
            0.0,
            0.0,
            0.0,
            1.0
        ],
        "img_size": [
            256,
            256
        ]
    },
    "shape09108_rank00_59.png": {
        "K": [
            274.49688720703125,
            0.0,
            128.0,
            0.0,
            0.0,
            274.49688720703125,
            128.0,
            0.0,
            0.0,
            0.0,
            1.0,
            0.0,
            0.0,
            0.0,
            0.0,
            1.0
        ],
        "W2C": [
            0.8443271876991177,
            0.5358278148415722,
            3.60203993948545e-09,
            -4.3738687764802963e-10,
            0.3120977810759899,
            -0.49178607274060915,
            -0.8128601054721712,
            1.8857603266143752e-08,
            -0.4355530910804379,
            0.6863199840575861,
            -0.5824590926296159,
            1.5811390193684132,
            0.0,
            0.0,
            0.0,
            1.0
        ],
        "img_size": [
            256,
            256
        ]
    },
    "shape09108_rank00_53.png": {
        "K": [
            274.49688720703125,
            0.0,
            128.0,
            0.0,
            0.0,
            274.49688720703125,
            128.0,
            0.0,
            0.0,
            0.0,
            1.0,
            0.0,
            0.0,
            0.0,
            0.0,
            1.0
        ],
        "W2C": [
            0.9822870354593827,
            0.1873824135703593,
            -1.957303237517496e-09,
            1.229559750611567e-08,
            0.10914258734933178,
            -0.5721420478076876,
            -0.8128601562963697,
            -3.7607783474666585e-08,
            -0.1523156865737728,
            0.7984620022853601,
            -0.582459104883324,
            1.5811390981695903,
            0.0,
            0.0,
            0.0,
            1.0
        ],
        "img_size": [
            256,
            256
        ]
    },
    "shape09108_rank00_97.png": {
        "K": [
            274.49688720703125,
            0.0,
            128.0,
            0.0,
            0.0,
            274.49688720703125,
            128.0,
            0.0,
            0.0,
            0.0,
            1.0,
            0.0,
            0.0,
            0.0,
            0.0,
            1.0
        ],
        "W2C": [
            -0.9822876679068645,
            0.187379355662457,
            -1.0027608630186279e-08,
            1.3348658384495751e-08,
            0.10914079874798377,
            0.5721423244717552,
            -0.8128601284807399,
            3.8367315069899005e-08,
            -0.1523131890661556,
            -0.7984624493341274,
            -0.5824590605196367,
            1.58113899214132,
            0.0,
            0.0,
            0.0,
            1.0
        ],
        "img_size": [
            256,
            256
        ]
    },
    "shape09108_rank00_50.png": {
        "K": [
            274.49688720703125,
            0.0,
            128.0,
            0.0,
            0.0,
            274.49688720703125,
            128.0,
            0.0,
            0.0,
            0.0,
            1.0,
            0.0,
            0.0,
            0.0,
            0.0,
            1.0
        ],
        "W2C": [
            0.9999999999989161,
            1.0410972309813116e-06,
            1.418031028360754e-14,
            4.3159618786070454e-14,
            6.063966564489524e-07,
            -0.5824590939876001,
            -0.8128600617886284,
            -4.009322073665708e-08,
            -8.462665347004862e-07,
            0.8128601809970618,
            -0.5824591535928885,
            1.5811391016381862,
            0.0,
            0.0,
            0.0,
            1.0
        ],
        "img_size": [
            256,
            256
        ]
    },
    "shape09108_rank00_48.png": {
        "K": [
            274.49688720703125,
            0.0,
            128.0,
            0.0,
            0.0,
            274.49688720703125,
            128.0,
            0.0,
            0.0,
            0.0,
            1.0,
            0.0,
            0.0,
            0.0,
            0.0,
            1.0
        ],
        "W2C": [
            0.9921147488361166,
            -0.12533223988676356,
            2.7520285417778065e-09,
            8.034430425415347e-09,
            -0.07300090433988943,
            -0.5778662614820802,
            -0.8128600808537777,
            7.11259550428235e-09,
            0.10187759556528041,
            0.8064505787311477,
            -0.582459126986212,
            1.5811390357593482,
            0.0,
            0.0,
            0.0,
            1.0
        ],
        "img_size": [
            256,
            256
        ]
    },
    "shape09108_rank00_62.png": {
        "K": [
            274.49688720703125,
            0.0,
            128.0,
            0.0,
            0.0,
            274.49688720703125,
            128.0,
            0.0,
            0.0,
            0.0,
            1.0,
            0.0,
            0.0,
            0.0,
            0.0,
            1.0
        ],
        "W2C": [
            0.7289677370958905,
            0.6845480357907884,
            5.607859577280856e-09,
            -1.916533118403194e-08,
            0.3987211714800274,
            -0.42459386470122784,
            -0.8128600856326879,
            3.9779712646223396e-08,
            -0.5564418011973801,
            0.5925488580772358,
            -0.5824590371346963,
            1.581138990170222,
            0.0,
            0.0,
            0.0,
            1.0
        ],
        "img_size": [
            256,
            256
        ]
    },
    "shape09108_rank00_86.png": {
        "K": [
            274.49688720703125,
            0.0,
            128.0,
            0.0,
            0.0,
            274.49688720703125,
            128.0,
            0.0,
            0.0,
            0.0,
            1.0,
            0.0,
            0.0,
            0.0,
            0.0,
            1.0
        ],
        "W2C": [
            -0.637425254467399,
            0.7705121292421041,
            -2.0989664559304544e-09,
            -5.7812788219769734e-08,
            0.4487918005391881,
            0.3712741068945157,
            -0.8128600961555004,
            1.4339668827244211e-08,
            -0.6263186178799167,
            -0.5181375865302441,
            -0.582459105631646,
            1.581139025673491,
            0.0,
            0.0,
            0.0,
            1.0
        ],
        "img_size": [
            256,
            256
        ]
    },
    "shape09108_rank00_85.png": {
        "K": [
            274.49688720703125,
            0.0,
            128.0,
            0.0,
            0.0,
            274.49688720703125,
            128.0,
            0.0,
            0.0,
            0.0,
            1.0,
            0.0,
            0.0,
            0.0,
            0.0,
            1.0
        ],
        "W2C": [
            -0.587786578813426,
            0.8090159860757734,
            -1.5855053578432032e-08,
            -9.751172891540084e-09,
            0.471218758662067,
            0.34236163198195285,
            -0.8128601577113298,
            9.004342908421676e-09,
            -0.6576168589431787,
            -0.47778830258840405,
            -0.5824591029086531,
            1.5811390331192912,
            0.0,
            0.0,
            0.0,
            1.0
        ],
        "img_size": [
            256,
            256
        ]
    },
    "shape09108_rank00_11.png": {
        "K": [
            274.49688720703125,
            0.0,
            128.0,
            0.0,
            0.0,
            274.49688720703125,
            128.0,
            0.0,
            0.0,
            0.0,
            1.0,
            0.0,
            0.0,
            0.0,
            0.0,
            1.0
        ],
        "W2C": [
            -0.7705131561391776,
            -0.6374240524651148,
            -1.9698091393669757e-08,
            -5.297296188371762e-09,
            -0.37127339251915614,
            0.44879235080552343,
            -0.8128600867049669,
            6.077133627139216e-09,
            0.5181367003002137,
            -0.6263194795248398,
            -0.582459095242916,
            1.58113919900677,
            0.0,
            0.0,
            0.0,
            1.0
        ],
        "img_size": [
            256,
            256
        ]
    },
    "shape09108_rank00_41.png": {
        "K": [
            274.49688720703125,
            0.0,
            128.0,
            0.0,
            0.0,
            274.49688720703125,
            128.0,
            0.0,
            0.0,
            0.0,
            1.0,
            0.0,
            0.0,
            0.0,
            0.0,
            1.0
        ],
        "W2C": [
            0.8443284073882661,
            -0.5358260843877553,
            8.130592645764716e-09,
            2.8537490239478757e-08,
            -0.31209679191554207,
            -0.49178676804176574,
            -0.8128601574922106,
            -3.1622458004855093e-09,
            0.4355517003045105,
            0.6863208903622782,
            -0.582459103214449,
            1.5811390500985691,
            0.0,
            0.0,
            0.0,
            1.0
        ],
        "img_size": [
            256,
            256
        ]
    },
    "shape09108_rank00_55.png": {
        "K": [
            274.49688720703125,
            0.0,
            128.0,
            0.0,
            0.0,
            274.49688720703125,
            128.0,
            0.0,
            0.0,
            0.0,
            1.0,
            0.0,
            0.0,
            0.0,
            0.0,
            1.0
        ],
        "W2C": [
            0.9510560798668284,
            0.30901807089254585,
            1.1747185398498992e-08,
            -2.2477402352646212e-08,
            0.17999038090198818,
            -0.5539512809649585,
            -0.8128600722339483,
            2.5096999344018004e-08,
            -0.2511884784836666,
            0.7730756428335833,
            -0.5824591390157537,
            1.5811390106609233,
            0.0,
            0.0,
            0.0,
            1.0
        ],
        "img_size": [
            256,
            256
        ]
    },
    "shape09108_rank00_12.png": {
        "K": [
            274.49688720703125,
            0.0,
            128.0,
            0.0,
            0.0,
            274.49688720703125,
            128.0,
            0.0,
            0.0,
            0.0,
            1.0,
            0.0,
            0.0,
            0.0,
            0.0,
            1.0
        ],
        "W2C": [
            -0.7289685590276637,
            -0.6845471698472009,
            5.182317923243904e-09,
            -3.668493540351364e-08,
            -0.39872073022302496,
            0.4245943637164821,
            -0.8128601600679999,
            1.266165549753834e-09,
            0.5564411037896099,
            -0.5925494675862303,
            -0.5824590996197652,
            1.5811390439184279,
            0.0,
            0.0,
            0.0,
            1.0
        ],
        "img_size": [
            256,
            256
        ]
    },
    "shape09108_rank00_18.png": {
        "K": [
            274.49688720703125,
            0.0,
            128.0,
            0.0,
            0.0,
            274.49688720703125,
            128.0,
            0.0,
            0.0,
            0.0,
            1.0,
            0.0,
            0.0,
            0.0,
            0.0,
            1.0
        ],
        "W2C": [
            -0.4257790263687317,
            -0.9048270807465745,
            -5.477803393504853e-09,
            2.7878941373210957e-08,
            -0.5270247782465539,
            0.2479988762299573,
            -0.8128600877116464,
            4.12345418990244e-08,
            0.7354979277644351,
            -0.3460988308024299,
            -0.5824591174156026,
            1.5811389881399156,
            0.0,
            0.0,
            0.0,
            1.0
        ],
        "img_size": [
            256,
            256
        ]
    },
    "shape09108_rank00_94.png": {
        "K": [
            274.49688720703125,
            0.0,
            128.0,
            0.0,
            0.0,
            274.49688720703125,
            128.0,
            0.0,
            0.0,
            0.0,
            1.0,
            0.0,
            0.0,
            0.0,
            0.0,
            1.0
        ],
        "W2C": [
            -0.9297771114079129,
            0.36812277240485897,
            3.666345095242398e-09,
            -3.3930153410429384e-08,
            0.2144164598527337,
            0.5415571783158696,
            -0.8128600962072394,
            -1.7530100119729147e-08,
            -0.2992323243108119,
            -0.7557788624396103,
            -0.5824591055594409,
            1.5811390701498602,
            0.0,
            0.0,
            0.0,
            1.0
        ],
        "img_size": [
            256,
            256
        ]
    },
    "shape09108_rank00_73.png": {
        "K": [
            274.49688720703125,
            0.0,
            128.0,
            0.0,
            0.0,
            274.49688720703125,
            128.0,
            0.0,
            0.0,
            0.0,
            1.0,
            0.0,
            0.0,
            0.0,
            0.0,
            1.0
        ],
        "W2C": [
            0.1253318413293693,
            0.9921148518933536,
            1.2523866818226358e-09,
            1.8519325361279932e-09,
            0.5778662448467606,
            -0.07300065921754788,
            -0.8128600930630697,
            4.8239325483680443e-08,
            -0.8064505555154619,
            0.10187725348084388,
            -0.5824591099473375,
            1.5811389783642769,
            0.0,
            0.0,
            0.0,
            1.0
        ],
        "img_size": [
            256,
            256
        ]
    },
    "shape09108_rank00_96.png": {
        "K": [
            274.49688720703125,
            0.0,
            128.0,
            0.0,
            0.0,
            274.49688720703125,
            128.0,
            0.0,
            0.0,
            0.0,
            1.0,
            0.0,
            0.0,
            0.0,
            0.0,
            1.0
        ],
        "W2C": [
            -0.9685837288907257,
            0.2486879788506077,
            -8.170035320338534e-09,
            6.927479890124648e-09,
            0.14485055818606069,
            0.5641603204454855,
            -0.8128600813209137,
            -1.4211396357602766e-08,
            -0.20214853468217803,
            -0.7873230934186307,
            -0.5824590431520625,
            1.5811390655183903,
            0.0,
            0.0,
            0.0,
            1.0
        ],
        "img_size": [
            256,
            256
        ]
    },
    "shape09108_rank00_46.png": {
        "K": [
            274.49688720703125,
            0.0,
            128.0,
            0.0,
            0.0,
            274.49688720703125,
            128.0,
            0.0,
            0.0,
            0.0,
            1.0,
            0.0,
            0.0,
            0.0,
            0.0,
            1.0
        ],
        "W2C": [
            0.9685833276578866,
            -0.2486889478687785,
            7.400463118058744e-09,
            -1.1777355421126626e-08,
            -0.1448511438742309,
            -0.5641601807577176,
            -0.8128600686592387,
            -2.304728466797324e-08,
            0.20214936200524994,
            0.7873228343807753,
            -0.5824591440044975,
            1.581139077849455,
            0.0,
            0.0,
            0.0,
            1.0
        ],
        "img_size": [
            256,
            256
        ]
    },
    "shape09108_rank00_47.png": {
        "K": [
            274.49688720703125,
            0.0,
            128.0,
            0.0,
            0.0,
            274.49688720703125,
            128.0,
            0.0,
            0.0,
            0.0,
            1.0,
            0.0,
            0.0,
            0.0,
            0.0,
            1.0
        ],
        "W2C": [
            0.9822875119329225,
            -0.1873803949769948,
            8.427163850265204e-09,
            -2.0573165828136772e-08,
            -0.10914139973217939,
            -0.5721422289915871,
            -0.812860076916311,
            -4.0021105410760126e-08,
            0.15231404034436913,
            0.7984623136883578,
            -0.5824591324812068,
            1.5811391015375444,
            0.0,
            0.0,
            0.0,
            1.0
        ],
        "img_size": [
            256,
            256
        ]
    },
    "shape09108_rank00_8.png": {
        "K": [
            274.49688720703125,
            0.0,
            128.0,
            0.0,
            0.0,
            274.49688720703125,
            128.0,
            0.0,
            0.0,
            0.0,
            1.0,
            0.0,
            0.0,
            0.0,
            0.0,
            1.0
        ],
        "W2C": [
            -0.8763065966625512,
            -0.4817536252517276,
            1.719037270135332e-08,
            -5.086459980646193e-08,
            -0.2806017853588263,
            0.5104127716551615,
            -0.812860070040362,
            1.6324185703423968e-08,
            0.39159834637199437,
            -0.7123147740906578,
            -0.5824591420770484,
            1.5811390229039648,
            0.0,
            0.0,
            0.0,
            1.0
        ],
        "img_size": [
            256,
            256
        ]
    },
    "shape09108_rank00_19.png": {
        "K": [
            274.49688720703125,
            0.0,
            128.0,
            0.0,
            0.0,
            274.49688720703125,
            128.0,
            0.0,
            0.0,
            0.0,
            1.0,
            0.0,
            0.0,
            0.0,
            0.0,
            1.0
        ],
        "W2C": [
            -0.368124271664178,
            -0.929776500281585,
            6.096606030899238e-09,
            -2.4780789750886933e-08,
            -0.5415567827538795,
            0.21441731728816302,
            -0.8128600962855168,
            1.516125373173023e-08,
            0.7557782915711428,
            -0.2992335684919792,
            -0.5824591054501995,
            1.5811390245269126,
            0.0,
            0.0,
            0.0,
            1.0
        ],
        "img_size": [
            256,
            256
        ]
    },
    "shape09108_rank00_83.png": {
        "K": [
            274.49688720703125,
            0.0,
            128.0,
            0.0,
            0.0,
            274.49688720703125,
            128.0,
            0.0,
            0.0,
            0.0,
            1.0,
            0.0,
            0.0,
            0.0,
            0.0,
            1.0
        ],
        "W2C": [
            -0.4817551284347506,
            0.8763058779168514,
            7.398075559178716e-09,
            -3.988825130387722e-08,
            0.5104123165772109,
            0.28060264085939035,
            -0.8128600718279516,
            2.9940122783251937e-08,
            -0.7123140537813744,
            -0.39159952262483855,
            -0.5824590799776935,
            1.5811388420996952,
            0.0,
            0.0,
            0.0,
            1.0
        ],
        "img_size": [
            256,
            256
        ]
    },
    "shape09108_rank00_30.png": {
        "K": [
            274.49688720703125,
            0.0,
            128.0,
            0.0,
            0.0,
            274.49688720703125,
            128.0,
            0.0,
            0.0,
            0.0,
            1.0,
            0.0,
            0.0,
            0.0,
            0.0,
            1.0
        ],
        "W2C": [
            0.309017490156954,
            -0.9510563333349097,
            5.111435827250865e-09,
            -1.627938684905286e-08,
            -0.5539514199911232,
            -0.17999007369973116,
            -0.8128601469865818,
            5.3407621130859006e-08,
            0.7730757801664017,
            0.2511880313437188,
            -0.5824591178757477,
            1.581138971151584,
            0.0,
            0.0,
            0.0,
            1.0
        ],
        "img_size": [
            256,
            256
        ]
    }
}