{
    "shape09105_rank01_54.png": {
        "K": [
            274.49688720703125,
            0.0,
            128.0,
            0.0,
            0.0,
            274.49688720703125,
            128.0,
            0.0,
            0.0,
            0.0,
            1.0,
            0.0,
            0.0,
            0.0,
            0.0,
            1.0
        ],
        "W2C": [
            0.968582826480325,
            0.24869097747096766,
            6.783616884285318e-09,
            -3.733186201975145e-09,
            0.14485232698897693,
            -0.5641598640246472,
            -0.8128601160880673,
            6.471340848463147e-08,
            -0.20215098834065975,
            0.7873223987211161,
            -0.582459077814431,
            1.5811389553736046,
            0.0,
            0.0,
            0.0,
            1.0
        ],
        "img_size": [
            256,
            256
        ]
    },
    "shape09105_rank01_11.png": {
        "K": [
            274.49688720703125,
            0.0,
            128.0,
            0.0,
            0.0,
            274.49688720703125,
            128.0,
            0.0,
            0.0,
            0.0,
            1.0,
            0.0,
            0.0,
            0.0,
            0.0,
            1.0
        ],
        "W2C": [
            -0.7705131520289408,
            -0.6374240574335361,
            -2.431858040760098e-08,
            7.245448969842906e-09,
            -0.3712733922966213,
            0.44879235053652516,
            -0.8128600869551275,
            6.756217965713612e-09,
            0.5181366469672835,
            -0.6263194150564223,
            -0.5824590352891427,
            1.5811390362566955,
            0.0,
            0.0,
            0.0,
            1.0
        ],
        "img_size": [
            256,
            256
        ]
    },
    "shape09105_rank01_15.png": {
        "K": [
            274.49688720703125,
            0.0,
            128.0,
            0.0,
            0.0,
            274.49688720703125,
            128.0,
            0.0,
            0.0,
            0.0,
            1.0,
            0.0,
            0.0,
            0.0,
            0.0,
            1.0
        ],
        "W2C": [
            -0.5877850750158655,
            -0.8090169854912276,
            -1.8739177675617754e-09,
            -3.920023546830099e-08,
            -0.4712193212408228,
            0.3423607582010218,
            -0.8128600988212897,
            8.823673215204791e-09,
            0.6576176550592364,
            -0.477787027916447,
            -0.5824590423067088,
            1.5811388715690928,
            0.0,
            0.0,
            0.0,
            1.0
        ],
        "img_size": [
            256,
            256
        ]
    },
    "shape09105_rank01_1.png": {
        "K": [
            274.49688720703125,
            0.0,
            128.0,
            0.0,
            0.0,
            274.49688720703125,
            128.0,
            0.0,
            0.0,
            0.0,
            1.0,
            0.0,
            0.0,
            0.0,
            0.0,
            1.0
        ],
        "W2C": [
            -0.9980267273006449,
            -0.0627905258345116,
            2.804107523690754e-09,
            -1.61670564138245e-09,
            -0.036572915791179376,
            0.5813097241416855,
            -0.8128600801089528,
            2.5417564591803907e-08,
            0.05103990555578664,
            -0.8112559937399899,
            -0.5824590088163675,
            1.5811386866089248,
            0.0,
            0.0,
            0.0,
            1.0
        ],
        "img_size": [
            256,
            256
        ]
    },
    "shape09105_rank01_35.png": {
        "K": [
            274.49688720703125,
            0.0,
            128.0,
            0.0,
            0.0,
            274.49688720703125,
            128.0,
            0.0,
            0.0,
            0.0,
            1.0,
            0.0,
            0.0,
            0.0,
            0.0,
            1.0
        ],
        "W2C": [
            0.5877857631809353,
            -0.8090166322036177,
            4.032766331059032e-09,
            -5.7976940085850306e-09,
            -0.4712190562081866,
            -0.3423611200829768,
            -0.8128601049074955,
            1.180286933895467e-08,
            0.6576173002261411,
            0.47778751224936533,
            -0.5824590338130071,
            1.581138867411428,
            0.0,
            0.0,
            0.0,
            1.0
        ],
        "img_size": [
            256,
            256
        ]
    },
    "shape09105_rank01_5.png": {
        "K": [
            274.49688720703125,
            0.0,
            128.0,
            0.0,
            0.0,
            274.49688720703125,
            128.0,
            0.0,
            0.0,
            0.0,
            1.0,
            0.0,
            0.0,
            0.0,
            0.0,
            1.0
        ],
        "W2C": [
            -0.9510564230671075,
            -0.30901698685318313,
            8.833827332106773e-09,
            3.517642149500486e-08,
            -0.1799897492165931,
            0.5539514684182514,
            -0.8128601043815428,
            -1.6132492720303047e-09,
            0.25118757122020535,
            -0.7730758253260521,
            -0.582459034547009,
            1.5811388861345068,
            0.0,
            0.0,
            0.0,
            1.0
        ],
        "img_size": [
            256,
            256
        ]
    },
    "shape09105_rank01_62.png": {
        "K": [
            274.49688720703125,
            0.0,
            128.0,
            0.0,
            0.0,
            274.49688720703125,
            128.0,
            0.0,
            0.0,
            0.0,
            1.0,
            0.0,
            0.0,
            0.0,
            0.0,
            1.0
        ],
        "W2C": [
            0.7289677985129622,
            0.6845480934654067,
            5.607860032261461e-09,
            -1.9165332447950178e-08,
            0.39872117035586235,
            -0.4245938657568919,
            -0.8128600856326879,
            3.9779712434311085e-08,
            -0.5564417996285334,
            0.5925488595504849,
            -0.5824590371346963,
            1.5811389901702222,
            0.0,
            0.0,
            0.0,
            1.0
        ],
        "img_size": [
            256,
            256
        ]
    },
    "shape09105_rank01_59.png": {
        "K": [
            274.49688720703125,
            0.0,
            128.0,
            0.0,
            0.0,
            274.49688720703125,
            128.0,
            0.0,
            0.0,
            0.0,
            1.0,
            0.0,
            0.0,
            0.0,
            0.0,
            1.0
        ],
        "W2C": [
            0.8443271767393341,
            0.5358278321113806,
            -1.1054326248811283e-08,
            3.9348673094464227e-08,
            0.3120977770248067,
            -0.49178606635698324,
            -0.8128601108897622,
            3.356415446283175e-08,
            -0.4355530854267438,
            0.686319975148814,
            -0.5824590850690095,
            1.5811389988444484,
            0.0,
            0.0,
            0.0,
            1.0
        ],
        "img_size": [
            256,
            256
        ]
    },
    "shape09105_rank01_93.png": {
        "K": [
            274.49688720703125,
            0.0,
            128.0,
            0.0,
            0.0,
            274.49688720703125,
            128.0,
            0.0,
            0.0,
            0.0,
            1.0,
            0.0,
            0.0,
            0.0,
            0.0,
            1.0
        ],
        "W2C": [
            -0.904827856642381,
            0.42577760095114675,
            1.4217854800111516e-08,
            1.0867773607920303e-08,
            0.2479980273652425,
            0.5270251943865742,
            -0.8128600700529444,
            3.879154694616161e-08,
            -0.34609763388684367,
            -0.7354984223570029,
            -0.5824590824548325,
            1.581138829746948,
            0.0,
            0.0,
            0.0,
            1.0
        ],
        "img_size": [
            256,
            256
        ]
    },
    "shape09105_rank01_44.png": {
        "K": [
            274.49688720703125,
            0.0,
            128.0,
            0.0,
            0.0,
            274.49688720703125,
            128.0,
            0.0,
            0.0,
            0.0,
            1.0,
            0.0,
            0.0,
            0.0,
            0.0,
            1.0
        ],
        "W2C": [
            0.9297767853127314,
            -0.368123725971992,
            -3.684371957494528e-09,
            -9.324589685484263e-09,
            -0.214416983543139,
            -0.5415569317594775,
            -0.812860092100874,
            2.1787731261830947e-08,
            0.29923304832072417,
            0.7557784315951973,
            -0.5824590516854924,
            1.5811388534768944,
            0.0,
            0.0,
            0.0,
            1.0
        ],
        "img_size": [
            256,
            256
        ]
    },
    "shape09105_rank01_37.png": {
        "K": [
            274.49688720703125,
            0.0,
            128.0,
            0.0,
            0.0,
            274.49688720703125,
            128.0,
            0.0,
            0.0,
            0.0,
            1.0,
            0.0,
            0.0,
            0.0,
            0.0,
            1.0
        ],
        "W2C": [
            0.6845476085916955,
            -0.7289681164710661,
            1.8758789285391944e-09,
            8.518207518118338e-09,
            -0.4245940746466032,
            -0.39872098133423545,
            -0.8128600910684998,
            1.500686561907529e-09,
            0.5925490644957448,
            0.5564414194425772,
            -0.5824590531262389,
            1.5811388817888041,
            0.0,
            0.0,
            0.0,
            1.0
        ],
        "img_size": [
            256,
            256
        ]
    },
    "shape09105_rank01_7.png": {
        "K": [
            274.49688720703125,
            0.0,
            128.0,
            0.0,
            0.0,
            274.49688720703125,
            128.0,
            0.0,
            0.0,
            0.0,
            1.0,
            0.0,
            0.0,
            0.0,
            0.0,
            1.0
        ],
        "W2C": [
            -0.9048269759910156,
            -0.425779263899826,
            1.702459376307004e-11,
            -9.71007971909914e-09,
            -0.24799900918205536,
            0.5270246962378667,
            -0.8128600980486037,
            6.228559907917677e-08,
            0.3460990163458743,
            -0.7354978133158894,
            -0.5824591029896952,
            1.5811389587617732,
            0.0,
            0.0,
            0.0,
            1.0
        ],
        "img_size": [
            256,
            256
        ]
    },
    "shape09105_rank01_74.png": {
        "K": [
            274.49688720703125,
            0.0,
            128.0,
            0.0,
            0.0,
            274.49688720703125,
            128.0,
            0.0,
            0.0,
            0.0,
            1.0,
            0.0,
            0.0,
            0.0,
            0.0,
            1.0
        ],
        "W2C": [
            0.06278910177645447,
            0.9980267872148804,
            6.811990888939372e-10,
            5.687396096912187e-10,
            0.5813097409167332,
            -0.03657208056934303,
            -0.81286010044224,
            1.7920237136598943e-08,
            -0.8112560997671514,
            0.05103875155483604,
            -0.5824590400445658,
            1.5811388588742377,
            0.0,
            0.0,
            0.0,
            1.0
        ],
        "img_size": [
            256,
            256
        ]
    },
    "shape09105_rank01_14.png": {
        "K": [
            274.49688720703125,
            0.0,
            128.0,
            0.0,
            0.0,
            274.49688720703125,
            128.0,
            0.0,
            0.0,
            0.0,
            1.0,
            0.0,
            0.0,
            0.0,
            0.0,
            1.0
        ],
        "W2C": [
            -0.6374238563352324,
            -0.7705134354334445,
            -4.796320077467193e-09,
            2.3362340778328494e-08,
            -0.44879249145029,
            0.3712732458454214,
            -0.8128600947439979,
            2.0139493205959635e-08,
            0.626319580232582,
            -0.5181363501382222,
            -0.5824589648146157,
            1.5811388557771173,
            0.0,
            0.0,
            0.0,
            1.0
        ],
        "img_size": [
            256,
            256
        ]
    },
    "shape09105_rank01_19.png": {
        "K": [
            274.49688720703125,
            0.0,
            128.0,
            0.0,
            0.0,
            274.49688720703125,
            128.0,
            0.0,
            0.0,
            0.0,
            1.0,
            0.0,
            0.0,
            0.0,
            0.0,
            1.0
        ],
        "W2C": [
            -0.3681242760231911,
            -0.9297764985557309,
            9.455986556899338e-09,
            -3.3900138339116864e-08,
            -0.541556790145998,
            0.2144173202149076,
            -0.8128600905885991,
            -3.035552592196881e-10,
            0.7557782245464476,
            -0.2992335419550451,
            -0.5824590537959717,
            1.5811388843067415,
            0.0,
            0.0,
            0.0,
            1.0
        ],
        "img_size": [
            256,
            256
        ]
    },
    "shape09105_rank01_18.png": {
        "K": [
            274.49688720703125,
            0.0,
            128.0,
            0.0,
            0.0,
            274.49688720703125,
            128.0,
            0.0,
            0.0,
            0.0,
            1.0,
            0.0,
            0.0,
            0.0,
            0.0,
            1.0
        ],
        "W2C": [
            -0.42577902753636476,
            -0.9048270801971283,
            -4.553125745634392e-09,
            2.53688185287384e-08,
            -0.527024785341291,
            0.24799887956848507,
            -0.8128600820931475,
            2.5982608352763685e-08,
            0.7354978624000704,
            -0.3460988000443145,
            -0.5824590656519351,
            1.5811388476226667,
            0.0,
            0.0,
            0.0,
            1.0
        ],
        "img_size": [
            256,
            256
        ]
    },
    "shape09105_rank01_58.png": {
        "K": [
            274.49688720703125,
            0.0,
            128.0,
            0.0,
            0.0,
            274.49688720703125,
            128.0,
            0.0,
            0.0,
            0.0,
            1.0,
            0.0,
            0.0,
            0.0,
            0.0,
            1.0
        ],
        "W2C": [
            0.8763060546340381,
            0.48175480955385563,
            5.211536062962485e-09,
            2.6276355648434112e-08,
            0.2806024779263235,
            -0.5104124213971456,
            -0.8128600491276066,
            3.972672073600523e-09,
            -0.39159921033015455,
            0.7123141518210906,
            -0.5824590520528757,
            1.5811387165366848,
            0.0,
            0.0,
            0.0,
            1.0
        ],
        "img_size": [
            256,
            256
        ]
    },
    "shape09105_rank01_55.png": {
        "K": [
            274.49688720703125,
            0.0,
            128.0,
            0.0,
            0.0,
            274.49688720703125,
            128.0,
            0.0,
            0.0,
            0.0,
            1.0,
            0.0,
            0.0,
            0.0,
            0.0,
            1.0
        ],
        "W2C": [
            0.9510560798668284,
            0.3090180708925459,
            1.1747185360109407e-08,
            -2.247740216454187e-08,
            0.1799903809019882,
            -0.5539512809649586,
            -0.8128600722339483,
            2.5096998991847565e-08,
            -0.25118847848366666,
            0.7730756428335834,
            -0.5824591390157539,
            1.5811390106609238,
            0.0,
            0.0,
            0.0,
            1.0
        ],
        "img_size": [
            256,
            256
        ]
    },
    "shape09105_rank01_95.png": {
        "K": [
            274.49688720703125,
            0.0,
            128.0,
            0.0,
            0.0,
            274.49688720703125,
            128.0,
            0.0,
            0.0,
            0.0,
            1.0,
            0.0,
            0.0,
            0.0,
            0.0,
            1.0
        ],
        "W2C": [
            -0.9510570629212123,
            0.3090150904782858,
            6.815996375870837e-10,
            1.133666072243388e-08,
            0.1799886465815742,
            0.5539518411891883,
            -0.8128600982431922,
            1.32791222465575e-08,
            -0.25118603242028176,
            -0.7730763455524909,
            -0.5824590431134822,
            1.5811388653512197,
            0.0,
            0.0,
            0.0,
            1.0
        ],
        "img_size": [
            256,
            256
        ]
    },
    "shape09105_rank01_96.png": {
        "K": [
            274.49688720703125,
            0.0,
            128.0,
            0.0,
            0.0,
            274.49688720703125,
            128.0,
            0.0,
            0.0,
            0.0,
            1.0,
            0.0,
            0.0,
            0.0,
            0.0,
            1.0
        ],
        "W2C": [
            -0.9685836693830483,
            0.2486879635717592,
            -8.17003481590917e-09,
            6.927479484354251e-09,
            0.1448505579660742,
            0.5641603205019678,
            -0.8128600813209137,
            -1.4211396359803504e-08,
            -0.20214853437517236,
            -0.7873230934974558,
            -0.5824590431520625,
            1.5811390655183903,
            0.0,
            0.0,
            0.0,
            1.0
        ],
        "img_size": [
            256,
            256
        ]
    },
    "shape09105_rank01_10.png": {
        "K": [
            274.49688720703125,
            0.0,
            128.0,
            0.0,
            0.0,
            274.49688720703125,
            128.0,
            0.0,
            0.0,
            0.0,
            1.0,
            0.0,
            0.0,
            0.0,
            0.0,
            1.0
        ],
        "W2C": [
            -0.8090168960345484,
            -0.587785243010672,
            2.044413944593315e-08,
            -2.044609556486731e-08,
            -0.34236086262242166,
            0.47121927935449165,
            -0.8128600932959813,
            1.9531556354172024e-08,
            0.47778715294616353,
            -0.657617611641522,
            -0.5824590500176409,
            1.5811388566255349,
            0.0,
            0.0,
            0.0,
            1.0
        ],
        "img_size": [
            256,
            256
        ]
    },
    "shape09105_rank01_21.png": {
        "K": [
            274.49688720703125,
            0.0,
            128.0,
            0.0,
            0.0,
            274.49688720703125,
            128.0,
            0.0,
            0.0,
            0.0,
            1.0,
            0.0,
            0.0,
            0.0,
            0.0,
            1.0
        ],
        "W2C": [
            -0.24868957530727706,
            -0.9685831923350967,
            4.372903729106802e-09,
            5.355918415164936e-09,
            -0.5641600748685518,
            0.14485149685350113,
            -0.812860098257437,
            4.1157262467415114e-08,
            0.7873226092176621,
            -0.20214982153488034,
            -0.5824590430936025,
            1.5811388264454356,
            0.0,
            0.0,
            0.0,
            1.0
        ],
        "img_size": [
            256,
            256
        ]
    },
    "shape09105_rank01_77.png": {
        "K": [
            274.49688720703125,
            0.0,
            128.0,
            0.0,
            0.0,
            274.49688720703125,
            128.0,
            0.0,
            0.0,
            0.0,
            1.0,
            0.0,
            0.0,
            0.0,
            0.0,
            1.0
        ],
        "W2C": [
            -0.12533471077336572,
            0.992114483712159,
            -3.936904827629363e-10,
            -1.074636980872588e-08,
            0.577866092141783,
            0.07300234440143118,
            -0.8128601129301193,
            6.554218229549863e-08,
            -0.8064503432071651,
            -0.10187959892101965,
            -0.5824590822215561,
            1.581138954216996,
            0.0,
            0.0,
            0.0,
            1.0
        ],
        "img_size": [
            256,
            256
        ]
    },
    "shape09105_rank01_47.png": {
        "K": [
            274.49688720703125,
            0.0,
            128.0,
            0.0,
            0.0,
            274.49688720703125,
            128.0,
            0.0,
            0.0,
            0.0,
            1.0,
            0.0,
            0.0,
            0.0,
            0.0,
            1.0
        ],
        "W2C": [
            0.9822875131057801,
            -0.1873803888286284,
            3.942077839299549e-09,
            -8.397985696262173e-09,
            -0.10914139647558894,
            -0.5721422119198533,
            -0.812860089369732,
            -6.215144553892753e-09,
            0.152314020212865,
            0.7984622081547686,
            -0.5824590554969814,
            1.5811388925567553,
            0.0,
            0.0,
            0.0,
            1.0
        ],
        "img_size": [
            256,
            256
        ]
    },
    "shape09105_rank01_82.png": {
        "K": [
            274.49688720703125,
            0.0,
            128.0,
            0.0,
            0.0,
            274.49688720703125,
            128.0,
            0.0,
            0.0,
            0.0,
            1.0,
            0.0,
            0.0,
            0.0,
            0.0,
            1.0
        ],
        "W2C": [
            -0.4257807696418209,
            0.9048263831763994,
            6.903675958628009e-09,
            -1.852618149809277e-08,
            0.5270243330478609,
            0.24799987989738784,
            -0.8128600792539086,
            3.5226303895774473e-08,
            -0.735497166822115,
            -0.3461001375035721,
            -0.5824590100096377,
            1.5811386729201828,
            0.0,
            0.0,
            0.0,
            1.0
        ],
        "img_size": [
            256,
            256
        ]
    },
    "shape09105_rank01_75.png": {
        "K": [
            274.49688720703125,
            0.0,
            128.0,
            0.0,
            0.0,
            274.49688720703125,
            128.0,
            0.0,
            0.0,
            0.0,
            1.0,
            0.0,
            0.0,
            0.0,
            0.0,
            1.0
        ],
        "W2C": [
            -1.4424365483515163e-06,
            0.9999999999979193,
            3.615143661421495e-14,
            8.265494247483526e-14,
            0.5824590769297201,
            8.401603228642717e-07,
            -0.812860074011124,
            -6.914128446364282e-09,
            -0.8128600740094328,
            -1.172499166504781e-06,
            -0.582459076930932,
            1.5811388935322335,
            0.0,
            0.0,
            0.0,
            1.0
        ],
        "img_size": [
            256,
            256
        ]
    },
    "shape09105_rank01_13.png": {
        "K": [
            274.49688720703125,
            0.0,
            128.0,
            0.0,
            0.0,
            274.49688720703125,
            128.0,
            0.0,
            0.0,
            0.0,
            1.0,
            0.0,
            0.0,
            0.0,
            0.0,
            1.0
        ],
        "W2C": [
            -0.6845469958963928,
            -0.7289686555093882,
            -1.625243362366509e-08,
            -1.465599605847303e-09,
            -0.42459439929606,
            0.3987206130109225,
            -0.8128600917228529,
            2.725264577926057e-08,
            0.5925494569282417,
            -0.5564408484809454,
            -0.5824589926084048,
            1.5811386840479484,
            0.0,
            0.0,
            0.0,
            1.0
        ],
        "img_size": [
            256,
            256
        ]
    },
    "shape09105_rank01_76.png": {
        "K": [
            274.49688720703125,
            0.0,
            128.0,
            0.0,
            0.0,
            274.49688720703125,
            128.0,
            0.0,
            0.0,
            0.0,
            1.0,
            0.0,
            0.0,
            0.0,
            0.0,
            1.0
        ],
        "W2C": [
            -0.06279198774143428,
            0.9980266631259838,
            1.9304731249529173e-09,
            -1.7100203515993584e-09,
            0.5813096186160204,
            0.03657375823676495,
            -0.8128601052687657,
            4.701934419402565e-08,
            -0.8112559887762616,
            -0.0510410934015258,
            -0.5824589501266065,
            1.581138818264509,
            0.0,
            0.0,
            0.0,
            1.0
        ],
        "img_size": [
            256,
            256
        ]
    },
    "shape09105_rank01_43.png": {
        "K": [
            274.49688720703125,
            0.0,
            128.0,
            0.0,
            0.0,
            274.49688720703125,
            128.0,
            0.0,
            0.0,
            0.0,
            1.0,
            0.0,
            0.0,
            0.0,
            0.0,
            1.0
        ],
        "W2C": [
            0.9048273372966626,
            -0.4257784438851471,
            1.3758250811761744e-08,
            2.8486548822780446e-08,
            -0.24799850674976318,
            -0.5270249328747881,
            -0.8128600888115559,
            5.352087900296724e-08,
            0.34609833831676345,
            0.7354981326655866,
            -0.582459115880606,
            1.5811389709935204,
            0.0,
            0.0,
            0.0,
            1.0
        ],
        "img_size": [
            256,
            256
        ]
    },
    "shape09105_rank01_46.png": {
        "K": [
            274.49688720703125,
            0.0,
            128.0,
            0.0,
            0.0,
            274.49688720703125,
            128.0,
            0.0,
            0.0,
            0.0,
            1.0,
            0.0,
            0.0,
            0.0,
            0.0,
            1.0
        ],
        "W2C": [
            0.9685833278155631,
            -0.24868894725466625,
            6.946144659507698e-09,
            -1.054406611235073e-08,
            -0.14485113920057888,
            -0.5641601625549743,
            -0.8128600821255754,
            1.3508328271938602e-08,
            0.2021493347963565,
            0.7873227284087213,
            -0.58245906560668,
            1.5811388650313474,
            0.0,
            0.0,
            0.0,
            1.0
        ],
        "img_size": [
            256,
            256
        ]
    },
    "shape09105_rank01_49.png": {
        "K": [
            274.49688720703125,
            0.0,
            128.0,
            0.0,
            0.0,
            274.49688720703125,
            128.0,
            0.0,
            0.0,
            0.0,
            1.0,
            0.0,
            0.0,
            0.0,
            0.0,
            1.0
        ],
        "W2C": [
            0.998026736599338,
            -0.0627895039717727,
            -2.1748318944177905e-09,
            3.7756620881115626e-09,
            -0.0365723176148052,
            -0.5813097597818463,
            -0.8128601083522916,
            3.237318533359379e-08,
            0.0510390791758303,
            0.8112561262954562,
            -0.5824590290055669,
            1.581138838704195,
            0.0,
            0.0,
            0.0,
            1.0
        ],
        "img_size": [
            256,
            256
        ]
    },
    "shape09105_rank01_67.png": {
        "K": [
            274.49688720703125,
            0.0,
            128.0,
            0.0,
            0.0,
            274.49688720703125,
            128.0,
            0.0,
            0.0,
            0.0,
            1.0,
            0.0,
            0.0,
            0.0,
            0.0,
            1.0
        ],
        "W2C": [
            0.48175254991884353,
            0.8763072903627557,
            1.582899311181196e-08,
            3.1748213393584343e-10,
            0.5104131106880433,
            -0.2806011091610116,
            -0.8128601503521116,
            2.503756100700469e-08,
            -0.7123152349086939,
            0.39159742511196993,
            -0.5824590299966912,
            1.5811390107438734,
            0.0,
            0.0,
            0.0,
            1.0
        ],
        "img_size": [
            256,
            256
        ]
    },
    "shape09105_rank01_30.png": {
        "K": [
            274.49688720703125,
            0.0,
            128.0,
            0.0,
            0.0,
            274.49688720703125,
            128.0,
            0.0,
            0.0,
            0.0,
            1.0,
            0.0,
            0.0,
            0.0,
            0.0,
            1.0
        ],
        "W2C": [
            0.3090175031495611,
            -0.9510563291133477,
            -9.902399194311957e-09,
            1.510561560128507e-08,
            -0.5539513889426176,
            -0.17999006361144068,
            -0.8128600668556569,
            2.1569682485972036e-08,
            0.7730756353015918,
            0.25118798427419814,
            -0.5824590273122144,
            1.5811386919788977,
            0.0,
            0.0,
            0.0,
            1.0
        ],
        "img_size": [
            256,
            256
        ]
    },
    "shape09105_rank01_52.png": {
        "K": [
            274.49688720703125,
            0.0,
            128.0,
            0.0,
            0.0,
            274.49688720703125,
            128.0,
            0.0,
            0.0,
            0.0,
            1.0,
            0.0,
            0.0,
            0.0,
            0.0,
            1.0
        ],
        "W2C": [
            0.992114527350033,
            0.1253343107656738,
            -3.199456721493578e-09,
            -7.660155993609797e-09,
            0.0730020968386279,
            -0.5778661150666177,
            -0.8128600972359318,
            2.983454126849323e-08,
            -0.10187924935053563,
            0.806450291872376,
            -0.5824590445191805,
            1.5811388422470403,
            0.0,
            0.0,
            0.0,
            1.0
        ],
        "img_size": [
            256,
            256
        ]
    },
    "shape09105_rank01_20.png": {
        "K": [
            274.49688720703125,
            0.0,
            128.0,
            0.0,
            0.0,
            274.49688720703125,
            128.0,
            0.0,
            0.0,
            0.0,
            1.0,
            0.0,
            0.0,
            0.0,
            0.0,
            1.0
        ],
        "W2C": [
            -0.3090167541548065,
            -0.9510566051922805,
            -1.0736928693823179e-08,
            -1.6778217724778885e-08,
            -0.5539515505343445,
            0.17998959768866166,
            -0.8128600743488215,
            -5.095157197531061e-09,
            0.7730759478301131,
            -0.2511873354219152,
            -0.582459076459653,
            1.5811388909937396,
            0.0,
            0.0,
            0.0,
            1.0
        ],
        "img_size": [
            256,
            256
        ]
    },
    "shape09105_rank01_41.png": {
        "K": [
            274.49688720703125,
            0.0,
            128.0,
            0.0,
            0.0,
            274.49688720703125,
            128.0,
            0.0,
            0.0,
            0.0,
            1.0,
            0.0,
            0.0,
            0.0,
            0.0,
            1.0
        ],
        "W2C": [
            0.8443283935590571,
            -0.5358261061791411,
            1.531347440692176e-08,
            -1.1248627854868769e-08,
            -0.3120967652661327,
            -0.4917867260489382,
            -0.8128601040523418,
            1.154425823095843e-08,
            0.43555169505122887,
            0.686320882084416,
            -0.5824590946110815,
            1.5811390295746695,
            0.0,
            0.0,
            0.0,
            1.0
        ],
        "img_size": [
            256,
            256
        ]
    },
    "shape09105_rank01_61.png": {
        "K": [
            274.49688720703125,
            0.0,
            128.0,
            0.0,
            0.0,
            274.49688720703125,
            128.0,
            0.0,
            0.0,
            0.0,
            1.0,
            0.0,
            0.0,
            0.0,
            0.0,
            1.0
        ],
        "W2C": [
            0.7705123904259567,
            0.6374250206262847,
            1.157435262909156e-08,
            -4.501206920787124e-09,
            0.3712739667563749,
            -0.44879192612043467,
            -0.812860093072312,
            2.310250188851392e-08,
            -0.5181373182236068,
            0.6263187453512894,
            -0.5824590503297866,
            1.5811388516420453,
            0.0,
            0.0,
            0.0,
            1.0
        ],
        "img_size": [
            256,
            256
        ]
    },
    "shape09105_rank01_72.png": {
        "K": [
            274.49688720703125,
            0.0,
            128.0,
            0.0,
            0.0,
            274.49688720703125,
            128.0,
            0.0,
            0.0,
            0.0,
            1.0,
            0.0,
            0.0,
            0.0,
            0.0,
            1.0
        ],
        "W2C": [
            0.18737996953161262,
            0.9822874853397843,
            5.392019978359558e-09,
            -7.069281335687967e-09,
            0.5721422232371575,
            -0.10914116178366504,
            -0.8128601019737186,
            3.4715932749301144e-08,
            -0.7984622239488134,
            0.15231369268479963,
            -0.5824590379072865,
            1.5811388354347362,
            0.0,
            0.0,
            0.0,
            1.0
        ],
        "img_size": [
            256,
            256
        ]
    },
    "shape09105_rank01_31.png": {
        "K": [
            274.49688720703125,
            0.0,
            128.0,
            0.0,
            0.0,
            274.49688720703125,
            128.0,
            0.0,
            0.0,
            0.0,
            1.0,
            0.0,
            0.0,
            0.0,
            0.0,
            1.0
        ],
        "W2C": [
            0.36812502425012406,
            -0.9297762885491863,
            4.826411144673066e-09,
            -3.1833893635376356e-08,
            -0.5415565943710982,
            -0.21441773745126572,
            -0.8128601040724192,
            3.145742424156035e-08,
            0.7557780161664372,
            0.2992341223912202,
            -0.5824589517961875,
            1.5811388399821966,
            0.0,
            0.0,
            0.0,
            1.0
        ],
        "img_size": [
            256,
            256
        ]
    },
    "shape09105_rank01_2.png": {
        "K": [
            274.49688720703125,
            0.0,
            128.0,
            0.0,
            0.0,
            274.49688720703125,
            128.0,
            0.0,
            0.0,
            0.0,
            1.0,
            0.0,
            0.0,
            0.0,
            0.0,
            1.0
        ],
        "W2C": [
            -0.9921147349863232,
            -0.1253332533276673,
            -5.964269638105137e-09,
            2.910707042596263e-09,
            -0.07300148420700173,
            0.5778662024399954,
            -0.8128600609323259,
            1.595507455663283e-08,
            0.10187840072804501,
            -0.8064504130060904,
            -0.582459095183258,
            1.5811388616167517,
            0.0,
            0.0,
            0.0,
            1.0
        ],
        "img_size": [
            256,
            256
        ]
    }
}