{
    "shape09154_rank00_57.png": {
        "K": [
            274.49688720703125,
            0.0,
            128.0,
            0.0,
            0.0,
            274.49688720703125,
            128.0,
            0.0,
            0.0,
            0.0,
            1.0,
            0.0,
            0.0,
            0.0,
            0.0,
            1.0
        ],
        "W2C": [
            0.904826594203326,
            0.42578042548461364,
            -2.373728942002806e-10,
            2.135242952088175e-09,
            0.24799965262567306,
            -0.5270243906211451,
            -0.8128600976228628,
            2.455521759099941e-08,
            -0.34609991431399073,
            0.7354973868075452,
            -0.5824591035838447,
            1.5811390114170156,
            0.0,
            0.0,
            0.0,
            1.0
        ],
        "img_size": [
            256,
            256
        ]
    },
    "shape09154_rank00_98.png": {
        "K": [
            274.49688720703125,
            0.0,
            128.0,
            0.0,
            0.0,
            274.49688720703125,
            128.0,
            0.0,
            0.0,
            0.0,
            1.0,
            0.0,
            0.0,
            0.0,
            0.0,
            1.0
        ],
        "W2C": [
            -0.9921148928184197,
            0.12533119956669522,
            -4.0713839094324535e-09,
            3.6232237868905594e-09,
            0.07300030272374795,
            0.5778663295830415,
            -0.8128600817326453,
            -2.1877381466625938e-08,
            -0.10187675074976192,
            -0.8064507345084022,
            -0.5824590425774636,
            1.58113907621678,
            0.0,
            0.0,
            0.0,
            1.0
        ],
        "img_size": [
            256,
            256
        ]
    },
    "shape09154_rank00_17.png": {
        "K": [
            274.49688720703125,
            0.0,
            128.0,
            0.0,
            0.0,
            274.49688720703125,
            128.0,
            0.0,
            0.0,
            0.0,
            1.0,
            0.0,
            0.0,
            0.0,
            0.0,
            1.0
        ],
        "W2C": [
            -0.4817534962621115,
            -0.8763067658789351,
            -2.8085801375586373e-08,
            3.939474451843584e-08,
            -0.5104127549910531,
            0.28060168586815454,
            -0.8128600963953618,
            4.944942338219972e-08,
            0.7123148153915411,
            -0.39159821382220655,
            -0.5824590221146713,
            1.581138976675499,
            0.0,
            0.0,
            0.0,
            1.0
        ],
        "img_size": [
            256,
            256
        ]
    },
    "shape09154_rank00_56.png": {
        "K": [
            274.49688720703125,
            0.0,
            128.0,
            0.0,
            0.0,
            274.49688720703125,
            128.0,
            0.0,
            0.0,
            0.0,
            1.0,
            0.0,
            0.0,
            0.0,
            0.0,
            1.0
        ],
        "W2C": [
            0.9297760330081227,
            0.3681256459979323,
            -6.6624293418831595e-09,
            -9.465088315599393e-09,
            0.21441809155259822,
            -0.541556462062481,
            -0.8128600959338347,
            4.206505105923026e-08,
            -0.29923464902918223,
            0.7557778440250563,
            -0.582459105940995,
            1.5811389869808852,
            0.0,
            0.0,
            0.0,
            1.0
        ],
        "img_size": [
            256,
            256
        ]
    },
    "shape09154_rank00_90.png": {
        "K": [
            274.49688720703125,
            0.0,
            128.0,
            0.0,
            0.0,
            274.49688720703125,
            128.0,
            0.0,
            0.0,
            0.0,
            1.0,
            0.0,
            0.0,
            0.0,
            0.0,
            1.0
        ],
        "W2C": [
            -0.8090181096408049,
            0.5877837872855821,
            -3.422720594678951e-09,
            -1.8753195264482807e-08,
            0.34235993463835246,
            0.4712198824612768,
            -0.8128601012236054,
            2.3515401679131037e-08,
            -0.4777859907041006,
            -0.6576186361299009,
            -0.5824590749811933,
            1.5811391746705097,
            0.0,
            0.0,
            0.0,
            1.0
        ],
        "img_size": [
            256,
            256
        ]
    },
    "shape09154_rank00_43.png": {
        "K": [
            274.49688720703125,
            0.0,
            128.0,
            0.0,
            0.0,
            274.49688720703125,
            128.0,
            0.0,
            0.0,
            0.0,
            1.0,
            0.0,
            0.0,
            0.0,
            0.0,
            1.0
        ],
        "W2C": [
            0.9048273372966626,
            -0.42577844388514713,
            1.3758250820283356e-08,
            2.8486548864547207e-08,
            -0.24799850674976318,
            -0.5270249328747881,
            -0.8128600888115559,
            5.352087905142244e-08,
            0.34609833831676345,
            0.7354981326655866,
            -0.582459115880606,
            1.5811389709935204,
            0.0,
            0.0,
            0.0,
            1.0
        ],
        "img_size": [
            256,
            256
        ]
    },
    "shape09154_rank00_96.png": {
        "K": [
            274.49688720703125,
            0.0,
            128.0,
            0.0,
            0.0,
            274.49688720703125,
            128.0,
            0.0,
            0.0,
            0.0,
            1.0,
            0.0,
            0.0,
            0.0,
            0.0,
            1.0
        ],
        "W2C": [
            -0.9685836693830483,
            0.2486879635717592,
            -8.170034817571368e-09,
            6.927479463821788e-09,
            0.1448505579660742,
            0.5641603205019678,
            -0.8128600813209137,
            -1.4211396357602766e-08,
            -0.20214853437517236,
            -0.7873230934974558,
            -0.5824590431520625,
            1.5811390655183903,
            0.0,
            0.0,
            0.0,
            1.0
        ],
        "img_size": [
            256,
            256
        ]
    },
    "shape09154_rank00_58.png": {
        "K": [
            274.49688720703125,
            0.0,
            128.0,
            0.0,
            0.0,
            274.49688720703125,
            128.0,
            0.0,
            0.0,
            0.0,
            1.0,
            0.0,
            0.0,
            0.0,
            0.0,
            1.0
        ],
        "W2C": [
            0.8763061221959435,
            0.4817548248820278,
            1.8909278903843864e-08,
            -1.0907425710335544e-08,
            0.280602478742928,
            -0.5104124197404118,
            -0.8128600498860105,
            6.031429389822509e-09,
            -0.3915992515432106,
            0.7123142224020875,
            -0.5824591105991196,
            1.581138875465853,
            0.0,
            0.0,
            0.0,
            1.0
        ],
        "img_size": [
            256,
            256
        ]
    },
    "shape09154_rank00_0.png": {
        "K": [
            274.49688720703125,
            0.0,
            128.0,
            0.0,
            0.0,
            274.49688720703125,
            128.0,
            0.0,
            0.0,
            0.0,
            1.0,
            0.0,
            0.0,
            0.0,
            0.0,
            1.0
        ],
        "W2C": [
            -1.0,
            -0.0,
            -0.0,
            -0.0,
            -0.0,
            0.5824590939882313,
            -0.8128600617886284,
            -4.0093220600074765e-08,
            -0.0,
            -0.8128601809979428,
            -0.5824591535928885,
            1.581139101638186,
            0.0,
            0.0,
            0.0,
            1.0
        ],
        "img_size": [
            256,
            256
        ]
    },
    "shape09154_rank00_40.png": {
        "K": [
            274.49688720703125,
            0.0,
            128.0,
            0.0,
            0.0,
            274.49688720703125,
            128.0,
            0.0,
            0.0,
            0.0,
            1.0,
            0.0,
            0.0,
            0.0,
            0.0,
            1.0
        ],
        "W2C": [
            0.8090175161710582,
            -0.5877846945269853,
            1.5089453585731627e-09,
            -5.649903466467827e-08,
            -0.34236048881858105,
            -0.4712195118546107,
            -0.8128601063655265,
            2.0852584907638172e-08,
            0.47778668017146064,
            0.6576180034066327,
            -0.5824590913828794,
            1.5811390165842858,
            0.0,
            0.0,
            0.0,
            1.0
        ],
        "img_size": [
            256,
            256
        ]
    },
    "shape09154_rank00_95.png": {
        "K": [
            274.49688720703125,
            0.0,
            128.0,
            0.0,
            0.0,
            274.49688720703125,
            128.0,
            0.0,
            0.0,
            0.0,
            1.0,
            0.0,
            0.0,
            0.0,
            0.0,
            1.0
        ],
        "W2C": [
            -0.951057060787698,
            0.3090150970446119,
            5.628867819422368e-09,
            -2.0931554924610147e-09,
            0.17998865234630643,
            0.5539518589313298,
            -0.8128600848757275,
            -2.3008094936069285e-08,
            -0.25118606616991124,
            -0.7730764494238725,
            -0.582459121373315,
            1.5811390777947634,
            0.0,
            0.0,
            0.0,
            1.0
        ],
        "img_size": [
            256,
            256
        ]
    },
    "shape09154_rank00_61.png": {
        "K": [
            274.49688720703125,
            0.0,
            128.0,
            0.0,
            0.0,
            274.49688720703125,
            128.0,
            0.0,
            0.0,
            0.0,
            1.0,
            0.0,
            0.0,
            0.0,
            0.0,
            1.0
        ],
        "W2C": [
            0.7705123945361468,
            0.6374250156579317,
            1.6194783046696232e-08,
            -1.704379173452792e-08,
            0.37127396697891446,
            -0.44879192638943805,
            -0.8128600928221463,
            2.2423404209710893e-08,
            -0.5181373715566066,
            0.6263188098196385,
            -0.582459110283562,
            1.581139014392102,
            0.0,
            0.0,
            0.0,
            1.0
        ],
        "img_size": [
            256,
            256
        ]
    },
    "shape09154_rank00_54.png": {
        "K": [
            274.49688720703125,
            0.0,
            128.0,
            0.0,
            0.0,
            274.49688720703125,
            128.0,
            0.0,
            0.0,
            0.0,
            1.0,
            0.0,
            0.0,
            0.0,
            0.0,
            1.0
        ],
        "W2C": [
            0.968582826480325,
            0.24869097747096766,
            6.7836168734130735e-09,
            -3.733186210590552e-09,
            0.14485232698897693,
            -0.5641598640246472,
            -0.8128601160880672,
            6.471340853418619e-08,
            -0.20215098834065975,
            0.7873223987211161,
            -0.582459077814431,
            1.5811389553736046,
            0.0,
            0.0,
            0.0,
            1.0
        ],
        "img_size": [
            256,
            256
        ]
    },
    "shape09154_rank00_89.png": {
        "K": [
            274.49688720703125,
            0.0,
            128.0,
            0.0,
            0.0,
            274.49688720703125,
            128.0,
            0.0,
            0.0,
            0.0,
            1.0,
            0.0,
            0.0,
            0.0,
            0.0,
            1.0
        ],
        "W2C": [
            -0.7705143634430867,
            0.637422570153982,
            1.7340780389617932e-09,
            1.3450359916530531e-08,
            0.3712725611319951,
            0.4487931050403567,
            -0.8128600958571683,
            1.0221106651697472e-08,
            -0.5181354293164896,
            -0.6263204383976267,
            -0.5824591060479881,
            1.5811390314212155,
            0.0,
            0.0,
            0.0,
            1.0
        ],
        "img_size": [
            256,
            256
        ]
    },
    "shape09154_rank00_26.png": {
        "K": [
            274.49688720703125,
            0.0,
            128.0,
            0.0,
            0.0,
            274.49688720703125,
            128.0,
            0.0,
            0.0,
            0.0,
            1.0,
            0.0,
            0.0,
            0.0,
            0.0,
            1.0
        ],
        "W2C": [
            0.06279094220281672,
            -0.9980266748547466,
            -1.4315006668436084e-11,
            -3.5286193287990246e-09,
            -0.581309671613696,
            -0.036573152473112464,
            -0.8128600961300589,
            6.855790373209848e-08,
            0.8112560860682706,
            0.05104025269036357,
            -0.5824591056671512,
            1.5811389500083572,
            0.0,
            0.0,
            0.0,
            1.0
        ],
        "img_size": [
            256,
            256
        ]
    },
    "shape09154_rank00_71.png": {
        "K": [
            274.49688720703125,
            0.0,
            128.0,
            0.0,
            0.0,
            274.49688720703125,
            128.0,
            0.0,
            0.0,
            0.0,
            1.0,
            0.0,
            0.0,
            0.0,
            0.0,
            1.0
        ],
        "W2C": [
            0.24868857067435315,
            0.9685834047699028,
            -1.7924748645888292e-09,
            -6.099154565108162e-10,
            0.5641602272344448,
            -0.14485091857021024,
            -0.8128601163820041,
            3.687582243106491e-08,
            -0.7873229829921988,
            0.20214905587533596,
            -0.5824591370088842,
            1.581139156025159,
            0.0,
            0.0,
            0.0,
            1.0
        ],
        "img_size": [
            256,
            256
        ]
    },
    "shape09154_rank00_32.png": {
        "K": [
            274.49688720703125,
            0.0,
            128.0,
            0.0,
            0.0,
            274.49688720703125,
            128.0,
            0.0,
            0.0,
            0.0,
            1.0,
            0.0,
            0.0,
            0.0,
            0.0,
            1.0
        ],
        "W2C": [
            0.4257798277345052,
            -0.9048268719633631,
            -5.057284261037711e-09,
            1.282256721253692e-08,
            -0.5270245471329617,
            -0.2479992800597037,
            -0.8128600865768698,
            3.9937324665637116e-08,
            0.7354976591620205,
            0.34609941975199965,
            -0.5824590358170276,
            1.581138989950264,
            0.0,
            0.0,
            0.0,
            1.0
        ],
        "img_size": [
            256,
            256
        ]
    },
    "shape09154_rank00_6.png": {
        "K": [
            274.49688720703125,
            0.0,
            128.0,
            0.0,
            0.0,
            274.49688720703125,
            128.0,
            0.0,
            0.0,
            0.0,
            1.0,
            0.0,
            0.0,
            0.0,
            0.0,
            1.0
        ],
        "W2C": [
            -0.9297764629697904,
            -0.36812457911705,
            3.6564606112278897e-09,
            8.28305116628216e-09,
            -0.2144174971734633,
            0.5415567492939007,
            -0.8128601112423995,
            4.2636692806517794e-08,
            0.2992337957471548,
            -0.7557782542933259,
            -0.5824590845768806,
            1.5811389861831213,
            0.0,
            0.0,
            0.0,
            1.0
        ],
        "img_size": [
            256,
            256
        ]
    },
    "shape09154_rank00_62.png": {
        "K": [
            274.49688720703125,
            0.0,
            128.0,
            0.0,
            0.0,
            274.49688720703125,
            128.0,
            0.0,
            0.0,
            0.0,
            1.0,
            0.0,
            0.0,
            0.0,
            0.0,
            1.0
        ],
        "W2C": [
            0.7289677370958905,
            0.6845480357907884,
            5.607859577280856e-09,
            -1.916533118403194e-08,
            0.3987211714800274,
            -0.42459386470122784,
            -0.8128600856326879,
            3.9779712646223396e-08,
            -0.5564418011973801,
            0.5925488580772358,
            -0.5824590371346963,
            1.581138990170222,
            0.0,
            0.0,
            0.0,
            1.0
        ],
        "img_size": [
            256,
            256
        ]
    },
    "shape09154_rank00_12.png": {
        "K": [
            274.49688720703125,
            0.0,
            128.0,
            0.0,
            0.0,
            274.49688720703125,
            128.0,
            0.0,
            0.0,
            0.0,
            1.0,
            0.0,
            0.0,
            0.0,
            0.0,
            1.0
        ],
        "W2C": [
            -0.7289685584998136,
            -0.6845471704093044,
            6.258431094352825e-09,
            -3.668493540449553e-08,
            -0.3987207011216198,
            0.4245943327266397,
            -0.8128601007398261,
            1.2661654569096214e-09,
            0.5564411039788746,
            -0.5925494677877767,
            -0.5824590992339165,
            1.5811390439184279,
            0.0,
            0.0,
            0.0,
            1.0
        ],
        "img_size": [
            256,
            256
        ]
    },
    "shape09154_rank00_29.png": {
        "K": [
            274.49688720703125,
            0.0,
            128.0,
            0.0,
            0.0,
            274.49688720703125,
            128.0,
            0.0,
            0.0,
            0.0,
            1.0,
            0.0,
            0.0,
            0.0,
            0.0,
            1.0
        ],
        "W2C": [
            0.2486903593199665,
            -0.9685830343289252,
            -7.521672234831736e-09,
            1.2166809924800492e-08,
            -0.5641599606514269,
            -0.14485193957543757,
            -0.8128601017107393,
            3.706448636564393e-08,
            0.7873225272078745,
            0.20215047245889473,
            -0.5824590978789429,
            1.5811389939595037,
            0.0,
            0.0,
            0.0,
            1.0
        ],
        "img_size": [
            256,
            256
        ]
    },
    "shape09154_rank00_1.png": {
        "K": [
            274.49688720703125,
            0.0,
            128.0,
            0.0,
            0.0,
            274.49688720703125,
            128.0,
            0.0,
            0.0,
            0.0,
            1.0,
            0.0,
            0.0,
            0.0,
            0.0,
            1.0
        ],
        "W2C": [
            -0.9980267272981269,
            -0.06279052587453512,
            2.775371770687613e-09,
            -1.538699792635794e-09,
            -0.0365729168691307,
            0.5813097412752296,
            -0.8128600678075495,
            -7.975728807916262e-09,
            0.051039912283193635,
            -0.8112561006690523,
            -0.5824590855884297,
            1.5811388950137668,
            0.0,
            0.0,
            0.0,
            1.0
        ],
        "img_size": [
            256,
            256
        ]
    },
    "shape09154_rank00_66.png": {
        "K": [
            274.49688720703125,
            0.0,
            128.0,
            0.0,
            0.0,
            274.49688720703125,
            128.0,
            0.0,
            0.0,
            0.0,
            1.0,
            0.0,
            0.0,
            0.0,
            0.0,
            1.0
        ],
        "W2C": [
            0.5358257550605987,
            0.8443285074928016,
            -7.49931304009674e-09,
            -1.0786090053828522e-08,
            0.49178683943529977,
            -0.3120965678216243,
            -0.8128600963515514,
            3.034827085740681e-08,
            -0.686320983797592,
            0.43555135333256384,
            -0.5824590457533918,
            1.5811388415300967,
            0.0,
            0.0,
            0.0,
            1.0
        ],
        "img_size": [
            256,
            256
        ]
    },
    "shape09154_rank00_34.png": {
        "K": [
            274.49688720703125,
            0.0,
            128.0,
            0.0,
            0.0,
            274.49688720703125,
            128.0,
            0.0,
            0.0,
            0.0,
            1.0,
            0.0,
            0.0,
            0.0,
            0.0,
            1.0
        ],
        "W2C": [
            0.5358273163089683,
            -0.8443275464919799,
            2.6854776711890147e-08,
            -8.462952299607735e-10,
            -0.4917862369425965,
            -0.3120974770109416,
            -0.8128600996436689,
            1.4828800192465474e-08,
            0.6863202269204919,
            0.43555264513696074,
            -0.5824591007636756,
            1.581139024990874,
            0.0,
            0.0,
            0.0,
            1.0
        ],
        "img_size": [
            256,
            256
        ]
    },
    "shape09154_rank00_8.png": {
        "K": [
            274.49688720703125,
            0.0,
            128.0,
            0.0,
            0.0,
            274.49688720703125,
            128.0,
            0.0,
            0.0,
            0.0,
            1.0,
            0.0,
            0.0,
            0.0,
            0.0,
            1.0
        ],
        "W2C": [
            -0.87630658643558,
            -0.4817536438545198,
            1.9788865209914183e-09,
            -9.571618564491426e-09,
            -0.2806017820840519,
            0.5104127656983687,
            -0.8128600749112261,
            2.9546595084704274e-08,
            0.3915983418018301,
            -0.7123147657775596,
            -0.5824591352794356,
            1.5811390044512181,
            0.0,
            0.0,
            0.0,
            1.0
        ],
        "img_size": [
            256,
            256
        ]
    },
    "shape09154_rank00_92.png": {
        "K": [
            274.49688720703125,
            0.0,
            128.0,
            0.0,
            0.0,
            274.49688720703125,
            128.0,
            0.0,
            0.0,
            0.0,
            1.0,
            0.0,
            0.0,
            0.0,
            0.0,
            1.0
        ],
        "W2C": [
            -0.8763075171101868,
            0.4817519935796111,
            -1.664943859863452e-08,
            3.33686208806472e-09,
            0.28060082800656494,
            0.5104132940672194,
            -0.8128601125683803,
            5.3523179607178114e-08,
            -0.39159698790485997,
            -0.7123155154759856,
            -0.5824590827263865,
            1.581138970990309,
            0.0,
            0.0,
            0.0,
            1.0
        ],
        "img_size": [
            256,
            256
        ]
    },
    "shape09154_rank00_79.png": {
        "K": [
            274.49688720703125,
            0.0,
            128.0,
            0.0,
            0.0,
            274.49688720703125,
            128.0,
            0.0,
            0.0,
            0.0,
            1.0,
            0.0,
            0.0,
            0.0,
            0.0,
            1.0
        ],
        "W2C": [
            -0.24869137570672534,
            0.9685827477897503,
            4.6149670218147767e-10,
            2.622461614853046e-09,
            0.564159834923065,
            0.14485254807495396,
            -0.8128600544016645,
            -3.266939224466675e-08,
            -0.7873223549267785,
            -0.202151309270483,
            -0.5824591639018851,
            1.5811390912777425,
            0.0,
            0.0,
            0.0,
            1.0
        ],
        "img_size": [
            256,
            256
        ]
    },
    "shape09154_rank00_39.png": {
        "K": [
            274.49688720703125,
            0.0,
            128.0,
            0.0,
            0.0,
            274.49688720703125,
            128.0,
            0.0,
            0.0,
            0.0,
            1.0,
            0.0,
            0.0,
            0.0,
            0.0,
            1.0
        ],
        "W2C": [
            0.7705136799408612,
            -0.6374233544514785,
            -8.862745064448991e-09,
            -7.821772901019019e-10,
            -0.37127304425008256,
            -0.44879270061402304,
            -0.812860094595341,
            1.2069279585096637e-08,
            0.5181361368498161,
            0.6263199543943037,
            -0.5824591674136163,
            1.5811391906443335,
            0.0,
            0.0,
            0.0,
            1.0
        ],
        "img_size": [
            256,
            256
        ]
    },
    "shape09154_rank00_27.png": {
        "K": [
            274.49688720703125,
            0.0,
            128.0,
            0.0,
            0.0,
            274.49688720703125,
            128.0,
            0.0,
            0.0,
            0.0,
            1.0,
            0.0,
            0.0,
            0.0,
            0.0,
            1.0
        ],
        "W2C": [
            0.12533368205132553,
            -0.9921146243520838,
            -2.308885752006702e-09,
            2.256427362505241e-09,
            -0.5778661469895073,
            -0.07300174063365979,
            -0.8128600969461053,
            3.718438019590096e-08,
            0.8064504189491821,
            0.1018787626685364,
            -0.5824591045283048,
            1.5811389937921838,
            0.0,
            0.0,
            0.0,
            1.0
        ],
        "img_size": [
            256,
            256
        ]
    },
    "shape09154_rank00_19.png": {
        "K": [
            274.49688720703125,
            0.0,
            128.0,
            0.0,
            0.0,
            274.49688720703125,
            128.0,
            0.0,
            0.0,
            0.0,
            1.0,
            0.0,
            0.0,
            0.0,
            0.0,
            1.0
        ],
        "W2C": [
            -0.36812428824740284,
            -0.9297764937158267,
            1.8876875606355408e-08,
            -5.947401169693215e-08,
            -0.5415568071498746,
            0.2144173269472135,
            -0.8128600774841439,
            -3.587680899316196e-08,
            0.7557783256173667,
            -0.29923358197182265,
            -0.5824591316887582,
            1.581139095753903,
            0.0,
            0.0,
            0.0,
            1.0
        ],
        "img_size": [
            256,
            256
        ]
    },
    "shape09154_rank00_9.png": {
        "K": [
            274.49688720703125,
            0.0,
            128.0,
            0.0,
            0.0,
            274.49688720703125,
            128.0,
            0.0,
            0.0,
            0.0,
            1.0,
            0.0,
            0.0,
            0.0,
            0.0,
            1.0
        ],
        "W2C": [
            -0.8443279573066009,
            -0.535826923645582,
            -5.2811491669266124e-09,
            1.4613627558686745e-08,
            -0.3120971960468495,
            0.4917864133220469,
            -0.8128601070510393,
            3.388857201928946e-08,
            0.4355522746335872,
            -0.6863204593615037,
            -0.582459090426201,
            1.5811389983917024,
            0.0,
            0.0,
            0.0,
            1.0
        ],
        "img_size": [
            256,
            256
        ]
    },
    "shape09154_rank00_72.png": {
        "K": [
            274.49688720703125,
            0.0,
            128.0,
            0.0,
            0.0,
            274.49688720703125,
            128.0,
            0.0,
            0.0,
            0.0,
            1.0,
            0.0,
            0.0,
            0.0,
            0.0,
            1.0
        ],
        "W2C": [
            0.1873799756799396,
            0.9822874841669368,
            9.877077026829824e-09,
            -1.92443827265304e-08,
            0.5721422403088893,
            -0.10914116504024804,
            -0.8128600895202998,
            9.099779001270839e-10,
            -0.7984623294824014,
            0.15231371281625986,
            -0.5824591148915073,
            1.5811390444155111,
            0.0,
            0.0,
            0.0,
            1.0
        ],
        "img_size": [
            256,
            256
        ]
    },
    "shape09154_rank00_10.png": {
        "K": [
            274.49688720703125,
            0.0,
            128.0,
            0.0,
            0.0,
            274.49688720703125,
            128.0,
            0.0,
            0.0,
            0.0,
            1.0,
            0.0,
            0.0,
            0.0,
            0.0,
            1.0
        ],
        "W2C": [
            -0.809016958170562,
            -0.5877852991311756,
            1.4081271654056916e-08,
            -3.173500742378916e-09,
            -0.34236085155428914,
            0.47121927718746576,
            -0.8128600992139,
            3.559629293795294e-08,
            0.4777871863931403,
            -0.6576176759131307,
            -0.5824591013634467,
            1.5811389960084647,
            0.0,
            0.0,
            0.0,
            1.0
        ],
        "img_size": [
            256,
            256
        ]
    },
    "shape09154_rank00_53.png": {
        "K": [
            274.49688720703125,
            0.0,
            128.0,
            0.0,
            0.0,
            274.49688720703125,
            128.0,
            0.0,
            0.0,
            0.0,
            1.0,
            0.0,
            0.0,
            0.0,
            0.0,
            1.0
        ],
        "W2C": [
            0.9822870978353587,
            0.18738241394379682,
            1.4183847735402422e-09,
            -5.36392663173251e-09,
            0.10914257107186963,
            -0.572141973259786,
            -0.8128601083948934,
            1.6312729725145728e-08,
            -0.15231567502636217,
            0.7984619567977191,
            -0.5824590885507637,
            1.5811390229199525,
            0.0,
            0.0,
            0.0,
            1.0
        ],
        "img_size": [
            256,
            256
        ]
    },
    "shape09154_rank00_60.png": {
        "K": [
            274.49688720703125,
            0.0,
            128.0,
            0.0,
            0.0,
            274.49688720703125,
            128.0,
            0.0,
            0.0,
            0.0,
            1.0,
            0.0,
            0.0,
            0.0,
            0.0,
            1.0
        ],
        "W2C": [
            0.8090163706245546,
            0.5877863847231306,
            2.566151613470728e-09,
            -4.1348130858910244e-08,
            0.3423614564671726,
            -0.47121884507907175,
            -0.812860098312078,
            2.7535282953496103e-08,
            -0.4777880512863074,
            0.657617057839868,
            -0.5824591026219993,
            1.5811390072581373,
            0.0,
            0.0,
            0.0,
            1.0
        ],
        "img_size": [
            256,
            256
        ]
    },
    "shape09154_rank00_16.png": {
        "K": [
            274.49688720703125,
            0.0,
            128.0,
            0.0,
            0.0,
            274.49688720703125,
            128.0,
            0.0,
            0.0,
            0.0,
            1.0,
            0.0,
            0.0,
            0.0,
            0.0,
            1.0
        ],
        "W2C": [
            -0.5358266421506139,
            -0.8443279353564045,
            6.517142975030343e-09,
            -5.445351966582826e-08,
            -0.49178643388478666,
            0.31209708625011934,
            -0.8128600868712487,
            2.5762279259359194e-08,
            0.6863206086171331,
            -0.4355521979140181,
            -0.5824590950108598,
            1.5811391715348424,
            0.0,
            0.0,
            0.0,
            1.0
        ],
        "img_size": [
            256,
            256
        ]
    },
    "shape09154_rank00_75.png": {
        "K": [
            274.49688720703125,
            0.0,
            128.0,
            0.0,
            0.0,
            274.49688720703125,
            128.0,
            0.0,
            0.0,
            0.0,
            1.0,
            0.0,
            0.0,
            0.0,
            0.0,
            1.0
        ],
        "W2C": [
            -1.4424365258264126e-06,
            0.9999999999979193,
            5.229191601197812e-14,
            3.884012256548591e-14,
            0.5824590657667366,
            8.401603067623751e-07,
            -0.8128600820100177,
            1.479960568646975e-08,
            -0.8128601416129806,
            -1.1724992640186164e-06,
            -0.5824591253726027,
            1.581139025031617,
            0.0,
            0.0,
            0.0,
            1.0
        ],
        "img_size": [
            256,
            256
        ]
    },
    "shape09154_rank00_84.png": {
        "K": [
            274.49688720703125,
            0.0,
            128.0,
            0.0,
            0.0,
            274.49688720703125,
            128.0,
            0.0,
            0.0,
            0.0,
            1.0,
            0.0,
            0.0,
            0.0,
            0.0,
            1.0
        ],
        "W2C": [
            -0.5358281797231675,
            0.8443269675977693,
            1.325702644765704e-08,
            7.847650920707414e-09,
            0.4917858823481557,
            0.3120979710275187,
            -0.8128600981791032,
            5.636576848310569e-08,
            -0.6863197823863395,
            -0.4355533665076283,
            -0.5824590196253423,
            1.5811389670232827,
            0.0,
            0.0,
            0.0,
            1.0
        ],
        "img_size": [
            256,
            256
        ]
    },
    "shape09154_rank00_82.png": {
        "K": [
            274.49688720703125,
            0.0,
            128.0,
            0.0,
            0.0,
            274.49688720703125,
            128.0,
            0.0,
            0.0,
            0.0,
            1.0,
            0.0,
            0.0,
            0.0,
            0.0,
            1.0
        ],
        "W2C": [
            -0.4257807401082946,
            0.9048263234452696,
            7.828280504040533e-09,
            -2.1036106009981626e-08,
            0.5270243255594537,
            0.24799987739545526,
            -0.8128600848724052,
            5.047823114951558e-08,
            -0.735497231637009,
            -0.3461001694293451,
            -0.5824590617732974,
            1.5811388134374083,
            0.0,
            0.0,
            0.0,
            1.0
        ],
        "img_size": [
            256,
            256
        ]
    },
    "shape09154_rank00_70.png": {
        "K": [
            274.49688720703125,
            0.0,
            128.0,
            0.0,
            0.0,
            274.49688720703125,
            128.0,
            0.0,
            0.0,
            0.0,
            1.0,
            0.0,
            0.0,
            0.0,
            0.0,
            1.0
        ],
        "W2C": [
            0.3090157470896948,
            0.9510568846455506,
            -1.0989577144005839e-08,
            2.447081079716155e-08,
            0.5539517425702953,
            -0.1799890241908456,
            -0.8128600772897031,
            1.7834776549898046e-08,
            -0.7730762870343546,
            0.251186585103554,
            -0.5824591319601137,
            1.5811390207958353,
            0.0,
            0.0,
            0.0,
            1.0
        ],
        "img_size": [
            256,
            256
        ]
    }
}