{
    "shape09149_rank00_30.png": {
        "K": [
            274.49688720703125,
            0.0,
            128.0,
            0.0,
            0.0,
            274.49688720703125,
            128.0,
            0.0,
            0.0,
            0.0,
            1.0,
            0.0,
            0.0,
            0.0,
            0.0,
            1.0
        ],
        "W2C": [
            0.30901749547693297,
            -0.9510563316063405,
            -4.12160446449142e-09,
            -5.868842659120241e-10,
            -0.553951381159262,
            -0.17999006108247032,
            -0.812860072719877,
            3.748864843146386e-08,
            0.7730757035503748,
            0.2511880064496147,
            -0.5824590787329524,
            1.5811388315652286,
            0.0,
            0.0,
            0.0,
            1.0
        ],
        "img_size": [
            256,
            256
        ]
    },
    "shape09149_rank00_15.png": {
        "K": [
            274.49688720703125,
            0.0,
            128.0,
            0.0,
            0.0,
            274.49688720703125,
            128.0,
            0.0,
            0.0,
            0.0,
            1.0,
            0.0,
            0.0,
            0.0,
            0.0,
            1.0
        ],
        "W2C": [
            -0.5877850821997705,
            -0.8090169802718167,
            4.488944281220296e-09,
            -5.6472812552131675e-08,
            -0.4712193145592747,
            0.3423607533465946,
            -0.812860104739209,
            2.48884113784186e-08,
            0.6576177130305357,
            -0.4777870700350467,
            -0.5824590936525131,
            1.5811390109520216,
            0.0,
            0.0,
            0.0,
            1.0
        ],
        "img_size": [
            256,
            256
        ]
    },
    "shape09149_rank00_8.png": {
        "K": [
            274.49688720703125,
            0.0,
            128.0,
            0.0,
            0.0,
            274.49688720703125,
            128.0,
            0.0,
            0.0,
            0.0,
            1.0,
            0.0,
            0.0,
            0.0,
            0.0,
            1.0
        ],
        "W2C": [
            -0.8763065874532591,
            -0.4817536420033683,
            3.4925713984050073e-09,
            -1.3680655687260042e-08,
            -0.2806017858687241,
            0.5104127725826622,
            -0.8128600692819455,
            1.4265394418023695e-08,
            0.39159830701024784,
            -0.712314702491904,
            -0.5824590835308127,
            1.5811388639748118,
            0.0,
            0.0,
            0.0,
            1.0
        ],
        "img_size": [
            256,
            256
        ]
    },
    "shape09149_rank00_65.png": {
        "K": [
            274.49688720703125,
            0.0,
            128.0,
            0.0,
            0.0,
            274.49688720703125,
            128.0,
            0.0,
            0.0,
            0.0,
            1.0,
            0.0,
            0.0,
            0.0,
            0.0,
            1.0
        ],
        "W2C": [
            0.5877842469425447,
            0.8090175973479016,
            1.6827791797059724e-09,
            -7.629692255349648e-09,
            0.47121968781509455,
            -0.34236028625547504,
            -0.8128601084344483,
            2.331882721540786e-08,
            -0.6576181666378201,
            0.47778636928529633,
            -0.5824590288909117,
            1.581138851340149,
            0.0,
            0.0,
            0.0,
            1.0
        ],
        "img_size": [
            256,
            256
        ]
    },
    "shape09149_rank00_62.png": {
        "K": [
            274.49688720703125,
            0.0,
            128.0,
            0.0,
            0.0,
            274.49688720703125,
            128.0,
            0.0,
            0.0,
            0.0,
            1.0,
            0.0,
            0.0,
            0.0,
            0.0,
            1.0
        ],
        "W2C": [
            0.7289677356226438,
            0.684548037359633,
            4.065728962077095e-09,
            -1.4979074989065353e-08,
            0.39872117113327316,
            -0.42459386433197305,
            -0.8128600859956551,
            4.0765020811117554e-08,
            -0.5564417437712321,
            0.5925487969247517,
            -0.5824589770235062,
            1.5811388269928306,
            0.0,
            0.0,
            0.0,
            1.0
        ],
        "img_size": [
            256,
            256
        ]
    },
    "shape09149_rank00_3.png": {
        "K": [
            274.49688720703125,
            0.0,
            128.0,
            0.0,
            0.0,
            274.49688720703125,
            128.0,
            0.0,
            0.0,
            0.0,
            1.0,
            0.0,
            0.0,
            0.0,
            0.0,
            1.0
        ],
        "W2C": [
            -0.9822872084457733,
            -0.18738131489903176,
            6.069960996145472e-09,
            -3.233613782226526e-09,
            -0.1091419578938462,
            0.572142085033704,
            -0.8128601121778182,
            4.282423667169166e-08,
            0.15231480673086,
            -0.7984621151825194,
            -0.5824590832714421,
            1.5811389859213913,
            0.0,
            0.0,
            0.0,
            1.0
        ],
        "img_size": [
            256,
            256
        ]
    },
    "shape09149_rank00_19.png": {
        "K": [
            274.49688720703125,
            0.0,
            128.0,
            0.0,
            0.0,
            274.49688720703125,
            128.0,
            0.0,
            0.0,
            0.0,
            1.0,
            0.0,
            0.0,
            0.0,
            0.0,
            1.0
        ],
        "W2C": [
            -0.3681242760231911,
            -0.9297764985557309,
            9.455986570388907e-09,
            -3.390013836020721e-08,
            -0.541556790145998,
            0.2144173202149076,
            -0.812860090588599,
            -3.035552896997054e-10,
            0.7557782245464476,
            -0.2992335419550451,
            -0.5824590537959717,
            1.5811388843067415,
            0.0,
            0.0,
            0.0,
            1.0
        ],
        "img_size": [
            256,
            256
        ]
    },
    "shape09149_rank00_84.png": {
        "K": [
            274.49688720703125,
            0.0,
            128.0,
            0.0,
            0.0,
            274.49688720703125,
            128.0,
            0.0,
            0.0,
            0.0,
            1.0,
            0.0,
            0.0,
            0.0,
            0.0,
            1.0
        ],
        "W2C": [
            -0.5358281750733905,
            0.8443269705486182,
            1.7203152849094616e-08,
            -2.8644746404471893e-09,
            0.49178588909898185,
            0.31209797531173894,
            -0.8128600924498794,
            4.081325976579932e-08,
            -0.6863197215745608,
            -0.4355533279151593,
            -0.5824589680162091,
            1.5811388269255098,
            0.0,
            0.0,
            0.0,
            1.0
        ],
        "img_size": [
            256,
            256
        ]
    },
    "shape09149_rank00_69.png": {
        "K": [
            274.49688720703125,
            0.0,
            128.0,
            0.0,
            0.0,
            274.49688720703125,
            128.0,
            0.0,
            0.0,
            0.0,
            1.0,
            0.0,
            0.0,
            0.0,
            0.0,
            1.0
        ],
        "W2C": [
            0.36812332212768484,
            0.9297769079859913,
            -5.39432358349439e-09,
            1.7610158135023397e-09,
            0.5415569717837234,
            -0.21441676287713946,
            -0.812860087217532,
            4.6989952439859654e-08,
            -0.7557785522884668,
            0.29923273852196136,
            -0.582458975318296,
            1.5811388183055273,
            0.0,
            0.0,
            0.0,
            1.0
        ],
        "img_size": [
            256,
            256
        ]
    },
    "shape09149_rank00_29.png": {
        "K": [
            274.49688720703125,
            0.0,
            128.0,
            0.0,
            0.0,
            274.49688720703125,
            128.0,
            0.0,
            0.0,
            0.0,
            1.0,
            0.0,
            0.0,
            0.0,
            0.0,
            1.0
        ],
        "W2C": [
            0.24869035901284062,
            -0.9685830344077819,
            -7.2944613769209434e-09,
            1.1550024948438595e-08,
            -0.5641599706230402,
            -0.1448519421357179,
            -0.8128600943337663,
            1.7039012492905127e-08,
            0.7873224605550257,
            0.2021504553453175,
            -0.5824590485693438,
            1.5811388601040446,
            0.0,
            0.0,
            0.0,
            1.0
        ],
        "img_size": [
            256,
            256
        ]
    },
    "shape09149_rank00_9.png": {
        "K": [
            274.49688720703125,
            0.0,
            128.0,
            0.0,
            0.0,
            274.49688720703125,
            128.0,
            0.0,
            0.0,
            0.0,
            1.0,
            0.0,
            0.0,
            0.0,
            0.0,
            1.0
        ],
        "W2C": [
            -0.8443278907999106,
            -0.5358268749168016,
            -1.3350824241663263e-09,
            3.9016649484932416e-09,
            -0.3120972093740707,
            0.4917864143340013,
            -0.8128601013218195,
            1.833607544124355e-08,
            0.43555224866133413,
            -0.6863203905406807,
            -0.5824590388170546,
            1.5811388582939079,
            0.0,
            0.0,
            0.0,
            1.0
        ],
        "img_size": [
            256,
            256
        ]
    },
    "shape09149_rank00_74.png": {
        "K": [
            274.49688720703125,
            0.0,
            128.0,
            0.0,
            0.0,
            274.49688720703125,
            128.0,
            0.0,
            0.0,
            0.0,
            1.0,
            0.0,
            0.0,
            0.0,
            0.0,
            1.0
        ],
        "W2C": [
            0.0627891017963973,
            0.9980267872136256,
            6.955174712489244e-10,
            5.298710383910456e-10,
            0.5813097298307267,
            -0.03657207987188642,
            -0.8128601084016805,
            3.952687356157296e-08,
            -0.8112561673139868,
            0.051038755804426454,
            -0.5824590885412919,
            1.5811389905230797,
            0.0,
            0.0,
            0.0,
            1.0
        ],
        "img_size": [
            256,
            256
        ]
    },
    "shape09149_rank00_46.png": {
        "K": [
            274.49688720703125,
            0.0,
            128.0,
            0.0,
            0.0,
            274.49688720703125,
            128.0,
            0.0,
            0.0,
            0.0,
            1.0,
            0.0,
            0.0,
            0.0,
            0.0,
            1.0
        ],
        "W2C": [
            0.9685833278155631,
            -0.24868894725466625,
            6.946144658725492e-09,
            -1.054406611209846e-08,
            -0.1448511392005789,
            -0.5641601625549743,
            -0.8128600821255754,
            1.3508328223585356e-08,
            0.2021493347963565,
            0.7873227284087213,
            -0.58245906560668,
            1.5811388650313474,
            0.0,
            0.0,
            0.0,
            1.0
        ],
        "img_size": [
            256,
            256
        ]
    },
    "shape09149_rank00_35.png": {
        "K": [
            274.49688720703125,
            0.0,
            128.0,
            0.0,
            0.0,
            274.49688720703125,
            128.0,
            0.0,
            0.0,
            0.0,
            1.0,
            0.0,
            0.0,
            0.0,
            0.0,
            1.0
        ],
        "W2C": [
            0.5877857214282347,
            -0.8090165596287667,
            -2.33012557282247e-09,
            1.1474963281450658e-08,
            -0.47121904501213097,
            -0.3423611214422203,
            -0.8128601108254175,
            2.7867616056141094e-08,
            0.657617351897111,
            0.4777875630396024,
            -0.5824590851588065,
            1.5811390067943447,
            0.0,
            0.0,
            0.0,
            1.0
        ],
        "img_size": [
            256,
            256
        ]
    },
    "shape09149_rank00_79.png": {
        "K": [
            274.49688720703125,
            0.0,
            128.0,
            0.0,
            0.0,
            274.49688720703125,
            128.0,
            0.0,
            0.0,
            0.0,
            1.0,
            0.0,
            0.0,
            0.0,
            0.0,
            1.0
        ],
        "W2C": [
            -0.24869137509237235,
            0.9685827479474903,
            9.159935079236204e-10,
            1.3886879933928056e-09,
            0.5641598167203314,
            0.1448525434012566,
            -0.8128600678680022,
            3.886223601594054e-09,
            -0.7873222489547873,
            -0.20215128206132701,
            -0.5824590855040638,
            1.5811388784596296,
            0.0,
            0.0,
            0.0,
            1.0
        ],
        "img_size": [
            256,
            256
        ]
    },
    "shape09149_rank00_56.png": {
        "K": [
            274.49688720703125,
            0.0,
            128.0,
            0.0,
            0.0,
            274.49688720703125,
            128.0,
            0.0,
            0.0,
            0.0,
            1.0,
            0.0,
            0.0,
            0.0,
            0.0,
            1.0
        ],
        "W2C": [
            0.9297759695544929,
            0.3681256259170213,
            -1.0021753270858225e-08,
            -3.458914774520987e-10,
            0.21441809760277145,
            -0.5415564682179386,
            -0.8128600902369195,
            2.6600248866915857e-08,
            -0.29923462685108965,
            0.7557777752745645,
            -0.5824590542867638,
            1.5811388467607088,
            0.0,
            0.0,
            0.0,
            1.0
        ],
        "img_size": [
            256,
            256
        ]
    },
    "shape09149_rank00_63.png": {
        "K": [
            274.49688720703125,
            0.0,
            128.0,
            0.0,
            0.0,
            274.49688720703125,
            128.0,
            0.0,
            0.0,
            0.0,
            1.0,
            0.0,
            0.0,
            0.0,
            0.0,
            1.0
        ],
        "W2C": [
            0.6845460330272402,
            0.7289696171634115,
            -2.987366579343895e-09,
            6.014332654941301e-09,
            0.42459492866474896,
            -0.39872001428654064,
            -0.8128600916347877,
            5.0888563423898905e-08,
            -0.5925502822714769,
            0.5564401293151668,
            -0.5824589691537241,
            1.5811388128647579,
            0.0,
            0.0,
            0.0,
            1.0
        ],
        "img_size": [
            256,
            256
        ]
    },
    "shape09149_rank00_90.png": {
        "K": [
            274.49688720703125,
            0.0,
            128.0,
            0.0,
            0.0,
            274.49688720703125,
            128.0,
            0.0,
            0.0,
            0.0,
            1.0,
            0.0,
            0.0,
            0.0,
            0.0,
            1.0
        ],
        "W2C": [
            -0.8090180475046403,
            0.587783731165288,
            -9.785516796408194e-09,
            -1.4807926022457687e-09,
            0.34235994570655104,
            0.47121988462826525,
            -0.8128600953056919,
            7.450676829649463e-09,
            -0.47778595725733614,
            -0.6576185718581352,
            -0.5824590236353782,
            1.5811390352875325,
            0.0,
            0.0,
            0.0,
            1.0
        ],
        "img_size": [
            256,
            256
        ]
    },
    "shape09149_rank00_87.png": {
        "K": [
            274.49688720703125,
            0.0,
            128.0,
            0.0,
            0.0,
            274.49688720703125,
            128.0,
            0.0,
            0.0,
            0.0,
            1.0,
            0.0,
            0.0,
            0.0,
            0.0,
            1.0
        ],
        "W2C": [
            -0.6845483886483381,
            0.7289674275315238,
            7.121347600231266e-09,
            -4.8174946312064734e-08,
            0.4245936989151396,
            0.3987214197103279,
            -0.8128601011468101,
            2.709930687634297e-08,
            -0.5925485226247809,
            -0.5564420498746729,
            -0.5824590390612919,
            1.5811388460642402,
            0.0,
            0.0,
            0.0,
            1.0
        ],
        "img_size": [
            256,
            256
        ]
    },
    "shape09149_rank00_67.png": {
        "K": [
            274.49688720703125,
            0.0,
            128.0,
            0.0,
            0.0,
            274.49688720703125,
            128.0,
            0.0,
            0.0,
            0.0,
            1.0,
            0.0,
            0.0,
            0.0,
            0.0,
            1.0
        ],
        "W2C": [
            0.4817525178392664,
            0.8763072320100447,
            1.582899187845323e-08,
            3.174822445930395e-10,
            0.5104131114172407,
            -0.2806011078346024,
            -0.8128601503521117,
            2.50375611892683e-08,
            -0.7123152359263364,
            0.39159742326087943,
            -0.582459029996691,
            1.5811390107438732,
            0.0,
            0.0,
            0.0,
            1.0
        ],
        "img_size": [
            256,
            256
        ]
    },
    "shape09149_rank00_64.png": {
        "K": [
            274.49688720703125,
            0.0,
            128.0,
            0.0,
            0.0,
            274.49688720703125,
            128.0,
            0.0,
            0.0,
            0.0,
            1.0,
            0.0,
            0.0,
            0.0,
            0.0,
            1.0
        ],
        "W2C": [
            0.6374231309643713,
            0.7705139818661108,
            1.6192016176467187e-08,
            -2.0710773708392215e-08,
            0.4487928573815772,
            -0.3712728637538441,
            -0.8128600898844041,
            -6.184792844747396e-10,
            -0.6263200286803425,
            0.5181357986230031,
            -0.5824590547787221,
            1.581138884746239,
            0.0,
            0.0,
            0.0,
            1.0
        ],
        "img_size": [
            256,
            256
        ]
    },
    "shape09149_rank00_97.png": {
        "K": [
            274.49688720703125,
            0.0,
            128.0,
            0.0,
            0.0,
            274.49688720703125,
            128.0,
            0.0,
            0.0,
            0.0,
            1.0,
            0.0,
            0.0,
            0.0,
            0.0,
            1.0
        ],
        "W2C": [
            -0.9822876071239786,
            0.1873793469379107,
            -8.007321356111726e-09,
            7.864402635789342e-09,
            0.10914080267015026,
            0.5721423342508937,
            -0.8128601210709441,
            1.8252739313226528e-08,
            -0.15231317895316687,
            -0.7984623812726885,
            -0.582459011255848,
            1.5811388584102088,
            0.0,
            0.0,
            0.0,
            1.0
        ],
        "img_size": [
            256,
            256
        ]
    },
    "shape09149_rank00_12.png": {
        "K": [
            274.49688720703125,
            0.0,
            128.0,
            0.0,
            0.0,
            274.49688720703125,
            128.0,
            0.0,
            0.0,
            0.0,
            1.0,
            0.0,
            0.0,
            0.0,
            0.0,
            1.0
        ],
        "W2C": [
            -0.7289685570265125,
            -0.68454717197821,
            4.716241731201186e-09,
            -3.2498520262391733e-08,
            -0.3987207007748666,
            0.42459433235738514,
            -0.8128601011027927,
            2.251472055065758e-09,
            0.5564410465527995,
            -0.5925494066352306,
            -0.5824590391227209,
            1.5811388807410331,
            0.0,
            0.0,
            0.0,
            1.0
        ],
        "img_size": [
            256,
            256
        ]
    },
    "shape09149_rank00_40.png": {
        "K": [
            274.49688720703125,
            0.0,
            128.0,
            0.0,
            0.0,
            274.49688720703125,
            128.0,
            0.0,
            0.0,
            0.0,
            1.0,
            0.0,
            0.0,
            0.0,
            0.0,
            1.0
        ],
        "W2C": [
            0.80901745403497,
            -0.5877846384065643,
            -4.8538934039458094e-09,
            -3.922651674040635e-08,
            -0.34236049988673983,
            -0.47121951402162243,
            -0.8128601004476095,
            4.787852597391218e-09,
            0.47778664672457344,
            0.6576179391349696,
            -0.5824590400370722,
            1.5811388772013477,
            0.0,
            0.0,
            0.0,
            1.0
        ],
        "img_size": [
            256,
            256
        ]
    },
    "shape09149_rank00_77.png": {
        "K": [
            274.49688720703125,
            0.0,
            128.0,
            0.0,
            0.0,
            274.49688720703125,
            128.0,
            0.0,
            0.0,
            0.0,
            1.0,
            0.0,
            0.0,
            0.0,
            0.0,
            1.0
        ],
        "W2C": [
            -0.12533471070989646,
            0.9921144837201772,
            -3.478497862138341e-10,
            -1.087080862265408e-08,
            0.5778661029988822,
            0.0730023457730183,
            -0.8128601050885751,
            4.425558659991031e-08,
            -0.8064502758326679,
            -0.10187959040953867,
            -0.5824590335602986,
            1.58113882212152,
            0.0,
            0.0,
            0.0,
            1.0
        ],
        "img_size": [
            256,
            256
        ]
    },
    "shape09149_rank00_85.png": {
        "K": [
            274.49688720703125,
            0.0,
            128.0,
            0.0,
            0.0,
            274.49688720703125,
            128.0,
            0.0,
            0.0,
            0.0,
            1.0,
            0.0,
            0.0,
            0.0,
            0.0,
            1.0
        ],
        "W2C": [
            -0.5877865905917741,
            0.8090159775182728,
            -1.817622333691375e-08,
            1.109819721293026e-08,
            0.47121872437773044,
            0.3423616070728396,
            -0.8128600986439851,
            9.072219425865857e-09,
            -0.6576167920224906,
            -0.47778825396750635,
            -0.5824590425541483,
            1.5811388712222298,
            0.0,
            0.0,
            0.0,
            1.0
        ],
        "img_size": [
            256,
            256
        ]
    },
    "shape09149_rank00_92.png": {
        "K": [
            274.49688720703125,
            0.0,
            128.0,
            0.0,
            0.0,
            274.49688720703125,
            128.0,
            0.0,
            0.0,
            0.0,
            1.0,
            0.0,
            0.0,
            0.0,
            0.0,
            1.0
        ],
        "W2C": [
            -0.8763075181278127,
            0.4817519917285481,
            -1.8163049463119493e-08,
            7.445698396255592e-09,
            0.28060083179122375,
            0.5104133009515195,
            -0.8128601069391008,
            3.824198039602104e-08,
            -0.3915969531133975,
            -0.7123154521902625,
            -0.5824590309777674,
            1.5811388305139038,
            0.0,
            0.0,
            0.0,
            1.0
        ],
        "img_size": [
            256,
            256
        ]
    },
    "shape09149_rank00_24.png": {
        "K": [
            274.49688720703125,
            0.0,
            128.0,
            0.0,
            0.0,
            274.49688720703125,
            128.0,
            0.0,
            0.0,
            0.0,
            1.0,
            0.0,
            0.0,
            0.0,
            0.0,
            1.0
        ],
        "W2C": [
            -0.06279013984111345,
            -0.9980266562821598,
            -1.214662067154743e-09,
            -1.2786314560736673e-09,
            -0.5813097130954422,
            0.036572686371089784,
            -0.8128601083874762,
            3.255839848955456e-08,
            0.8112560609407042,
            -0.051039596991146,
            -0.5824590289564644,
            1.5811388384457177,
            0.0,
            0.0,
            0.0,
            1.0
        ],
        "img_size": [
            256,
            256
        ]
    },
    "shape09149_rank00_6.png": {
        "K": [
            274.49688720703125,
            0.0,
            128.0,
            0.0,
            0.0,
            274.49688720703125,
            128.0,
            0.0,
            0.0,
            0.0,
            1.0,
            0.0,
            0.0,
            0.0,
            0.0,
            1.0
        ],
        "W2C": [
            -0.9297764612439406,
            -0.36812458347604865,
            2.970912470088455e-10,
            1.740236964201233e-08,
            -0.2144175001002093,
            0.541556756686017,
            -0.8128601055454837,
            2.7171888084517415e-08,
            0.2992337692101995,
            -0.7557781872686314,
            -0.5824590329226527,
            1.5811388459629483,
            0.0,
            0.0,
            0.0,
            1.0
        ],
        "img_size": [
            256,
            256
        ]
    },
    "shape09149_rank00_61.png": {
        "K": [
            274.49688720703125,
            0.0,
            128.0,
            0.0,
            0.0,
            274.49688720703125,
            128.0,
            0.0,
            0.0,
            0.0,
            1.0,
            0.0,
            0.0,
            0.0,
            0.0,
            1.0
        ],
        "W2C": [
            0.7705124550870608,
            0.6374250741187478,
            1.1574353670794296e-08,
            -4.501207506641437e-09,
            0.37127396319627565,
            -0.4487919290656129,
            -0.8128600930723122,
            2.3102501998228932e-08,
            -0.5181373132552534,
            0.6263187494614799,
            -0.5824590503297865,
            1.581138851642045,
            0.0,
            0.0,
            0.0,
            1.0
        ],
        "img_size": [
            256,
            256
        ]
    },
    "shape09149_rank00_83.png": {
        "K": [
            274.49688720703125,
            0.0,
            128.0,
            0.0,
            0.0,
            274.49688720703125,
            128.0,
            0.0,
            0.0,
            0.0,
            1.0,
            0.0,
            0.0,
            0.0,
            0.0,
            1.0
        ],
        "W2C": [
            -0.4817551451862797,
            0.8763058687075836,
            -6.2996469478902255e-09,
            -2.7045215041017258e-09,
            0.5104123175046937,
            0.2806026413692805,
            -0.8128600710695489,
            2.7881368909321108e-08,
            -0.7123139821826764,
            -0.3915994832629647,
            -0.5824590214314505,
            1.5811386831705239,
            0.0,
            0.0,
            0.0,
            1.0
        ],
        "img_size": [
            256,
            256
        ]
    },
    "shape09149_rank00_42.png": {
        "K": [
            274.49688720703125,
            0.0,
            128.0,
            0.0,
            0.0,
            274.49688720703125,
            128.0,
            0.0,
            0.0,
            0.0,
            1.0,
            0.0,
            0.0,
            0.0,
            0.0,
            1.0
        ],
        "W2C": [
            0.8763070208830154,
            -0.48175291832921746,
            -1.962054524674087e-08,
            -1.0906330214033974e-08,
            -0.28060140284279217,
            -0.5104129916849979,
            -0.8128601059608151,
            1.8078875022318446e-09,
            0.39159772763482015,
            0.7123150329132282,
            -0.5824590323430291,
            1.5811388813600853,
            0.0,
            0.0,
            0.0,
            1.0
        ],
        "img_size": [
            256,
            256
        ]
    },
    "shape09149_rank00_86.png": {
        "K": [
            274.49688720703125,
            0.0,
            128.0,
            0.0,
            0.0,
            274.49688720703125,
            128.0,
            0.0,
            0.0,
            0.0,
            1.0,
            0.0,
            0.0,
            0.0,
            0.0,
            1.0
        ],
        "W2C": [
            -0.6374252594357309,
            0.7705121251319286,
            -6.7193787076748675e-09,
            -4.527025297747732e-08,
            0.4487918002701844,
            0.3712741066719757,
            -0.8128600964056664,
            1.5018767714419407e-08,
            -0.6263185534115866,
            -0.5181375331972216,
            -0.5824590456778704,
            1.5811388629234309,
            0.0,
            0.0,
            0.0,
            1.0
        ],
        "img_size": [
            256,
            256
        ]
    },
    "shape09149_rank00_18.png": {
        "K": [
            274.49688720703125,
            0.0,
            128.0,
            0.0,
            0.0,
            274.49688720703125,
            128.0,
            0.0,
            0.0,
            0.0,
            1.0,
            0.0,
            0.0,
            0.0,
            0.0,
            1.0
        ],
        "W2C": [
            -0.42577902753636476,
            -0.9048270801971283,
            -4.553125760117311e-09,
            2.5368818560717383e-08,
            -0.527024785341291,
            0.24799887956848507,
            -0.8128600820931475,
            2.5982608364031285e-08,
            0.7354978624000704,
            -0.3460988000443145,
            -0.5824590656519351,
            1.5811388476226667,
            0.0,
            0.0,
            0.0,
            1.0
        ],
        "img_size": [
            256,
            256
        ]
    },
    "shape09149_rank00_49.png": {
        "K": [
            274.49688720703125,
            0.0,
            128.0,
            0.0,
            0.0,
            274.49688720703125,
            128.0,
            0.0,
            0.0,
            0.0,
            1.0,
            0.0,
            0.0,
            0.0,
            0.0,
            1.0
        ],
        "W2C": [
            0.998026736599338,
            -0.0627895039717727,
            -2.1748318930165023e-09,
            3.775662076907007e-09,
            -0.0365723176148052,
            -0.5813097597818464,
            -0.8128601083522916,
            3.2373185218677494e-08,
            0.05103907917583031,
            0.8112561262954563,
            -0.5824590290055669,
            1.5811388387041951,
            0.0,
            0.0,
            0.0,
            1.0
        ],
        "img_size": [
            256,
            256
        ]
    },
    "shape09149_rank00_91.png": {
        "K": [
            274.49688720703125,
            0.0,
            128.0,
            0.0,
            0.0,
            274.49688720703125,
            128.0,
            0.0,
            0.0,
            0.0,
            1.0,
            0.0,
            0.0,
            0.0,
            0.0,
            1.0
        ],
        "W2C": [
            -0.8443289656941962,
            0.5358252190882414,
            1.2970594236442978e-09,
            1.886908930220814e-08,
            0.31209622084028726,
            0.491787068028943,
            -0.812860102369662,
            1.5508893493379747e-08,
            -0.4355508690972133,
            -0.6863213028151044,
            -0.5824590373547213,
            1.581138862239427,
            0.0,
            0.0,
            0.0,
            1.0
        ],
        "img_size": [
            256,
            256
        ]
    },
    "shape09149_rank00_73.png": {
        "K": [
            274.49688720703125,
            0.0,
            128.0,
            0.0,
            0.0,
            274.49688720703125,
            128.0,
            0.0,
            0.0,
            0.0,
            1.0,
            0.0,
            0.0,
            0.0,
            0.0,
            1.0
        ],
        "W2C": [
            0.1253318412660401,
            0.9921148519013538,
            1.2066471608044397e-09,
            1.976096682562941e-09,
            0.5778662557038645,
            -0.07300066058910366,
            -0.8128600852215239,
            2.6952726061738586e-08,
            -0.8064504881409494,
            0.10187724496955917,
            -0.5824590612860795,
            1.5811388462688036,
            0.0,
            0.0,
            0.0,
            1.0
        ],
        "img_size": [
            256,
            256
        ]
    },
    "shape09149_rank00_33.png": {
        "K": [
            274.49688720703125,
            0.0,
            128.0,
            0.0,
            0.0,
            274.49688720703125,
            128.0,
            0.0,
            0.0,
            0.0,
            1.0,
            0.0,
            0.0,
            0.0,
            0.0,
            1.0
        ],
        "W2C": [
            0.4817542260315517,
            -0.8763062963290859,
            -1.1412080168885464e-09,
            2.9543192809285338e-08,
            -0.5104125884778166,
            -0.28060214634473085,
            -0.812860107277581,
            1.524795571164227e-08,
            0.7123144455614443,
            0.39159881007830044,
            -0.5824590305053964,
            1.5811388626035827,
            0.0,
            0.0,
            0.0,
            1.0
        ],
        "img_size": [
            256,
            256
        ]
    },
    "shape09149_rank00_41.png": {
        "K": [
            274.49688720703125,
            0.0,
            128.0,
            0.0,
            0.0,
            274.49688720703125,
            128.0,
            0.0,
            0.0,
            0.0,
            1.0,
            0.0,
            0.0,
            0.0,
            0.0,
            1.0
        ],
        "W2C": [
            0.8443283965098232,
            -0.5358261015294693,
            1.1367443355278686e-08,
            -5.36761816116305e-10,
            -0.3120967695503304,
            -0.49178673279976554,
            -0.8128600983231254,
            -4.008228923290806e-09,
            0.4355516564588991,
            0.6863208212725259,
            -0.58245904300193,
            1.581138889476859,
            0.0,
            0.0,
            0.0,
            1.0
        ],
        "img_size": [
            256,
            256
        ]
    },
    "shape09149_rank00_82.png": {
        "K": [
            274.49688720703125,
            0.0,
            128.0,
            0.0,
            0.0,
            274.49688720703125,
            128.0,
            0.0,
            0.0,
            0.0,
            1.0,
            0.0,
            0.0,
            0.0,
            0.0,
            1.0
        ],
        "W2C": [
            -0.4257807412758348,
            0.9048263228958646,
            6.9036755152485015e-09,
            -1.8526180479874675e-08,
            0.5270243326541817,
            0.24799988073399482,
            -0.8128600792539088,
            3.522630424710649e-08,
            -0.7354971662727098,
            -0.34610013867111233,
            -0.5824590100096378,
            1.5811386729201826,
            0.0,
            0.0,
            0.0,
            1.0
        ],
        "img_size": [
            256,
            256
        ]
    }
}