{
    "camera_angle_x": 0.8726646304130554,
    "frames": [
        {
            "file_path": "train/shape09135_rank02_84",
            "rotation": 0.06283185307179587,
            "transform_matrix": [
                [
                    -0.5358282327651978,
                    -0.49178585410118103,
                    0.6863197684288025,
                    1.0851668119430542
                ],
                [
                    0.8443270921707153,
                    -0.31209796667099,
                    0.4355533719062805,
                    0.6886703372001648
                ],
                [
                    1.4901161193847656e-08,
                    0.8128600716590881,
                    0.582459032535553,
                    0.9209486246109009
                ],
                [
                    0.0,
                    0.0,
                    0.0,
                    1.0
                ]
            ]
        },
        {
            "file_path": "train/shape09135_rank02_8",
            "rotation": 0.06283185307179587,
            "transform_matrix": [
                [
                    -0.8763067722320557,
                    0.28060176968574524,
                    -0.39159831404685974,
                    -0.6191713213920593
                ],
                [
                    -0.48175370693206787,
                    -0.5104126930236816,
                    0.7123146653175354,
                    1.1262683868408203
                ],
                [
                    0.0,
                    0.8128599524497986,
                    0.582459032535553,
                    0.9209486246109009
                ],
                [
                    0.0,
                    0.0,
                    0.0,
                    1.0
                ]
            ]
        },
        {
            "file_path": "train/shape09135_rank02_12",
            "rotation": 0.06283185307179587,
            "transform_matrix": [
                [
                    -0.7289685606956482,
                    0.3987206518650055,
                    -0.556441068649292,
                    -0.879810631275177
                ],
                [
                    -0.6845471858978271,
                    -0.42459428310394287,
                    0.5925494432449341,
                    0.9369029402732849
                ],
                [
                    0.0,
                    0.8128599524497986,
                    0.582459032535553,
                    0.9209486246109009
                ],
                [
                    0.0,
                    0.0,
                    0.0,
                    1.0
                ]
            ]
        },
        {
            "file_path": "train/shape09135_rank02_37",
            "rotation": 0.06283185307179587,
            "transform_matrix": [
                [
                    0.6845476627349854,
                    0.42459404468536377,
                    -0.5925490856170654,
                    -0.9369024038314819
                ],
                [
                    -0.7289681434631348,
                    0.398720920085907,
                    -0.5564414262771606,
                    -0.87981116771698
                ],
                [
                    1.4901162970204496e-08,
                    0.8128599524497986,
                    0.582459032535553,
                    0.9209486246109009
                ],
                [
                    0.0,
                    0.0,
                    0.0,
                    1.0
                ]
            ]
        },
        {
            "file_path": "train/shape09135_rank02_35",
            "rotation": 0.06283185307179587,
            "transform_matrix": [
                [
                    0.5877857804298401,
                    0.471219003200531,
                    -0.6576172709465027,
                    -1.03978431224823
                ],
                [
                    -0.8090167045593262,
                    0.34236109256744385,
                    -0.4777875542640686,
                    -0.7554485201835632
                ],
                [
                    1.4901162970204496e-08,
                    0.8128599524497986,
                    0.5824589729309082,
                    0.9209486246109009
                ],
                [
                    0.0,
                    0.0,
                    0.0,
                    1.0
                ]
            ]
        },
        {
            "file_path": "train/shape09135_rank02_42",
            "rotation": 0.06283185307179587,
            "transform_matrix": [
                [
                    0.8763071298599243,
                    0.2806013226509094,
                    -0.391597718000412,
                    -0.6191703677177429
                ],
                [
                    -0.48175299167633057,
                    0.510412871837616,
                    -0.712315022945404,
                    -1.126268982887268
                ],
                [
                    -2.980232594040899e-08,
                    0.8128599524497986,
                    0.582459032535553,
                    0.9209486246109009
                ],
                [
                    0.0,
                    0.0,
                    0.0,
                    1.0
                ]
            ]
        },
        {
            "file_path": "train/shape09135_rank02_45",
            "rotation": 0.06283185307179587,
            "transform_matrix": [
                [
                    0.9510568380355835,
                    0.17998921871185303,
                    -0.25118687748908997,
                    -0.3971613049507141
                ],
                [
                    -0.3090161383152008,
                    0.5539515018463135,
                    -0.773076057434082,
                    -1.2223405838012695
                ],
                [
                    -1.4901162970204496e-08,
                    0.8128599524497986,
                    0.582459032535553,
                    0.9209486246109009
                ],
                [
                    0.0,
                    0.0,
                    0.0,
                    1.0
                ]
            ]
        },
        {
            "file_path": "train/shape09135_rank02_99",
            "rotation": 0.06283185307179587,
            "transform_matrix": [
                [
                    -0.998026967048645,
                    -0.03657170385122299,
                    0.0510382354259491,
                    0.08069853484630585
                ],
                [
                    0.0627884715795517,
                    -0.5813096761703491,
                    0.8112561702728271,
                    1.2827086448669434
                ],
                [
                    0.0,
                    0.8128599524497986,
                    0.582459032535553,
                    0.9209486246109009
                ],
                [
                    0.0,
                    0.0,
                    0.0,
                    1.0
                ]
            ]
        },
        {
            "file_path": "train/shape09135_rank02_15",
            "rotation": 0.06283185307179587,
            "transform_matrix": [
                [
                    -0.5877851843833923,
                    0.4712192714214325,
                    -0.6576176881790161,
                    -1.0397849082946777
                ],
                [
                    -0.8090171813964844,
                    -0.3423607349395752,
                    0.4777870774269104,
                    0.7554476857185364
                ],
                [
                    0.0,
                    0.8128599524497986,
                    0.582459032535553,
                    0.9209486246109009
                ],
                [
                    0.0,
                    0.0,
                    0.0,
                    1.0
                ]
            ]
        },
        {
            "file_path": "train/shape09135_rank02_20",
            "rotation": 0.06283185307179587,
            "transform_matrix": [
                [
                    -0.30901673436164856,
                    0.5539514422416687,
                    -0.7730758786201477,
                    -1.2223403453826904
                ],
                [
                    -0.9510566592216492,
                    -0.17998959124088287,
                    0.25118735432624817,
                    0.3971620798110962
                ],
                [
                    -1.4901162970204496e-08,
                    0.8128599524497986,
                    0.582459032535553,
                    0.9209486246109009
                ],
                [
                    0.0,
                    0.0,
                    0.0,
                    1.0
                ]
            ]
        },
        {
            "file_path": "train/shape09135_rank02_31",
            "rotation": 0.06283185307179587,
            "transform_matrix": [
                [
                    0.3681250214576721,
                    0.5415564775466919,
                    -0.7557780742645264,
                    -1.1949900388717651
                ],
                [
                    -0.9297763109207153,
                    0.2144177109003067,
                    -0.29923415184020996,
                    -0.4731307625770569
                ],
                [
                    0.0,
                    0.8128600120544434,
                    0.582459032535553,
                    0.9209486246109009
                ],
                [
                    0.0,
                    0.0,
                    0.0,
                    1.0
                ]
            ]
        },
        {
            "file_path": "train/shape09135_rank02_17",
            "rotation": 0.06283185307179587,
            "transform_matrix": [
                [
                    -0.48175352811813354,
                    0.5104126930236816,
                    -0.7123148441314697,
                    -1.1262686252593994
                ],
                [
                    -0.8763067722320557,
                    -0.2806016504764557,
                    0.3915982246398926,
                    0.619171142578125
                ],
                [
                    -1.4901161193847656e-08,
                    0.8128600120544434,
                    0.582459032535553,
                    0.9209486246109009
                ],
                [
                    0.0,
                    0.0,
                    0.0,
                    1.0
                ]
            ]
        },
        {
            "file_path": "train/shape09135_rank02_97",
            "rotation": 0.06283185307179587,
            "transform_matrix": [
                [
                    -0.9822876453399658,
                    -0.1091407835483551,
                    0.15231318771839142,
                    0.24082830548286438
                ],
                [
                    0.18737934529781342,
                    -0.5721421837806702,
                    0.7984623908996582,
                    1.2624799013137817
                ],
                [
                    -7.450581485102248e-09,
                    0.8128599524497986,
                    0.582459032535553,
                    0.9209486246109009
                ],
                [
                    0.0,
                    0.0,
                    0.0,
                    1.0
                ]
            ]
        },
        {
            "file_path": "train/shape09135_rank02_5",
            "rotation": 0.06283185307179587,
            "transform_matrix": [
                [
                    -0.9510565996170044,
                    0.1799897402524948,
                    -0.25118759274482727,
                    -0.39716243743896484
                ],
                [
                    -0.30901703238487244,
                    -0.5539513826370239,
                    0.7730758786201477,
                    1.2223403453826904
                ],
                [
                    0.0,
                    0.8128599524497986,
                    0.582459032535553,
                    0.9209486246109009
                ],
                [
                    0.0,
                    0.0,
                    0.0,
                    1.0
                ]
            ]
        },
        {
            "file_path": "train/shape09135_rank02_74",
            "rotation": 0.06283185307179587,
            "transform_matrix": [
                [
                    0.06278909742832184,
                    -0.5813096761703491,
                    0.8112561702728271,
                    1.2827086448669434
                ],
                [
                    0.9980267882347107,
                    0.03657207638025284,
                    -0.05103875696659088,
                    -0.0806993618607521
                ],
                [
                    0.0,
                    0.8128599524497986,
                    0.582459032535553,
                    0.9209486246109009
                ],
                [
                    0.0,
                    0.0,
                    0.0,
                    1.0
                ]
            ]
        },
        {
            "file_path": "train/shape09135_rank02_57",
            "rotation": 0.06283185307179587,
            "transform_matrix": [
                [
                    0.9048265218734741,
                    -0.2479996383190155,
                    0.3460998833179474,
                    0.5472319722175598
                ],
                [
                    0.42578041553497314,
                    0.5270243883132935,
                    -0.7354973554611206,
                    -1.1629234552383423
                ],
                [
                    0.0,
                    0.8128600120544434,
                    0.582459032535553,
                    0.9209486246109009
                ],
                [
                    0.0,
                    0.0,
                    0.0,
                    1.0
                ]
            ]
        },
        {
            "file_path": "train/shape09135_rank02_92",
            "rotation": 0.06283185307179587,
            "transform_matrix": [
                [
                    -0.8763076663017273,
                    -0.28060078620910645,
                    0.3915969729423523,
                    0.6191691756248474
                ],
                [
                    0.48175203800201416,
                    -0.5104131698608398,
                    0.7123154401779175,
                    1.1262695789337158
                ],
                [
                    -1.4901162970204496e-08,
                    0.8128599524497986,
                    0.582459032535553,
                    0.9209486246109009
                ],
                [
                    0.0,
                    0.0,
                    0.0,
                    1.0
                ]
            ]
        },
        {
            "file_path": "train/shape09135_rank02_53",
            "rotation": 0.06283185307179587,
            "transform_matrix": [
                [
                    0.9822870492935181,
                    -0.10914256423711777,
                    0.1523156762123108,
                    0.24083223938941956
                ],
                [
                    0.18738240003585815,
                    0.5721418857574463,
                    -0.7984619140625,
                    -1.2624791860580444
                ],
                [
                    0.0,
                    0.8128599524497986,
                    0.582459032535553,
                    0.9209486246109009
                ],
                [
                    0.0,
                    0.0,
                    0.0,
                    1.0
                ]
            ]
        },
        {
            "file_path": "train/shape09135_rank02_67",
            "rotation": 0.06283185307179587,
            "transform_matrix": [
                [
                    0.48175257444381714,
                    -0.5104129910469055,
                    0.7123152017593384,
                    1.1262693405151367
                ],
                [
                    0.8763073682785034,
                    0.28060105443000793,
                    -0.3915974199771881,
                    -0.6191699504852295
                ],
                [
                    1.4901162970204496e-08,
                    0.8128599524497986,
                    0.5824589729309082,
                    0.9209486246109009
                ],
                [
                    0.0,
                    0.0,
                    0.0,
                    1.0
                ]
            ]
        },
        {
            "file_path": "train/shape09135_rank02_28",
            "rotation": 0.06283185307179587,
            "transform_matrix": [
                [
                    0.1873817890882492,
                    0.5721419453620911,
                    -0.7984620332717896,
                    -1.262479305267334
                ],
                [
                    -0.9822872281074524,
                    0.10914220660924911,
                    -0.1523151695728302,
                    -0.2408314347267151
                ],
                [
                    7.450581485102248e-09,
                    0.8128599524497986,
                    0.582459032535553,
                    0.9209486246109009
                ],
                [
                    0.0,
                    0.0,
                    0.0,
                    1.0
                ]
            ]
        },
        {
            "file_path": "train/shape09135_rank02_33",
            "rotation": 0.06283185307179587,
            "transform_matrix": [
                [
                    0.4817543029785156,
                    0.5104125142097473,
                    -0.7123144268989563,
                    -1.1262680292129517
                ],
                [
                    -0.876306414604187,
                    0.2806020975112915,
                    -0.39159879088401794,
                    -0.6191720366477966
                ],
                [
                    0.0,
                    0.8128600120544434,
                    0.582459032535553,
                    0.9209486246109009
                ],
                [
                    0.0,
                    0.0,
                    0.0,
                    1.0
                ]
            ]
        },
        {
            "file_path": "train/shape09135_rank02_63",
            "rotation": 0.06283185307179587,
            "transform_matrix": [
                [
                    0.6845460534095764,
                    -0.4245948791503906,
                    0.5925503373146057,
                    0.9369043111801147
                ],
                [
                    0.7289696335792542,
                    0.3987199664115906,
                    -0.5564401745796204,
                    -0.8798091411590576
                ],
                [
                    0.0,
                    0.8128600120544434,
                    0.582459032535553,
                    0.9209486246109009
                ],
                [
                    0.0,
                    0.0,
                    0.0,
                    1.0
                ]
            ]
        },
        {
            "file_path": "train/shape09135_rank02_25",
            "rotation": 0.06283185307179587,
            "transform_matrix": [
                [
                    4.0133926404450904e-07,
                    0.5824589729309082,
                    -0.8128600120544434,
                    -1.2852445840835571
                ],
                [
                    -1.0,
                    2.3376365732019622e-07,
                    -3.26232623137912e-07,
                    -5.158190674592333e-07
                ],
                [
                    1.4210856409267898e-14,
                    0.8128599524497986,
                    0.582459032535553,
                    0.9209486246109009
                ],
                [
                    0.0,
                    0.0,
                    0.0,
                    1.0
                ]
            ]
        },
        {
            "file_path": "train/shape09135_rank02_93",
            "rotation": 0.06283185307179587,
            "transform_matrix": [
                [
                    -0.9048278331756592,
                    -0.24799798429012299,
                    0.34609758853912354,
                    0.5472283363342285
                ],
                [
                    0.4257776141166687,
                    -0.5270251035690308,
                    0.7354983687400818,
                    1.1629250049591064
                ],
                [
                    1.4901161193847656e-08,
                    0.8128599524497986,
                    0.582459032535553,
                    0.9209486246109009
                ],
                [
                    0.0,
                    0.0,
                    0.0,
                    1.0
                ]
            ]
        },
        {
            "file_path": "train/shape09135_rank02_52",
            "rotation": 0.06283185307179587,
            "transform_matrix": [
                [
                    0.9921146631240845,
                    -0.07300209999084473,
                    0.10187926143407822,
                    0.16108526289463043
                ],
                [
                    0.12533432245254517,
                    0.5778660774230957,
                    -0.8064503073692322,
                    -1.275109887123108
                ],
                [
                    -3.725290742551124e-09,
                    0.8128600120544434,
                    0.582459032535553,
                    0.9209486246109009
                ],
                [
                    0.0,
                    0.0,
                    0.0,
                    1.0
                ]
            ]
        },
        {
            "file_path": "train/shape09135_rank02_30",
            "rotation": 0.06283185307179587,
            "transform_matrix": [
                [
                    0.309017539024353,
                    0.5539513230323792,
                    -0.7730757594108582,
                    -1.2223399877548218
                ],
                [
                    -0.9510563611984253,
                    0.1799900233745575,
                    -0.2511880099773407,
                    -0.397163063287735
                ],
                [
                    0.0,
                    0.8128599524497986,
                    0.5824590921401978,
                    0.9209486246109009
                ],
                [
                    0.0,
                    0.0,
                    0.0,
                    1.0
                ]
            ]
        },
        {
            "file_path": "train/shape09135_rank02_85",
            "rotation": 0.06283185307179587,
            "transform_matrix": [
                [
                    -0.5877866148948669,
                    -0.47121864557266235,
                    0.6576167941093445,
                    1.0397834777832031
                ],
                [
                    0.8090160489082336,
                    -0.34236156940460205,
                    0.4777882695198059,
                    0.7554495930671692
                ],
                [
                    -2.980232594040899e-08,
                    0.8128599524497986,
                    0.582459032535553,
                    0.9209486246109009
                ],
                [
                    0.0,
                    0.0,
                    0.0,
                    1.0
                ]
            ]
        },
        {
            "file_path": "train/shape09135_rank02_1",
            "rotation": 0.06283185307179587,
            "transform_matrix": [
                [
                    -0.9980267286300659,
                    0.036572907119989395,
                    -0.051039911806583405,
                    -0.08070117980241776
                ],
                [
                    -0.06279052793979645,
                    -0.5813096165657043,
                    0.8112561106681824,
                    1.2827084064483643
                ],
                [
                    3.725290298461914e-09,
                    0.8128599524497986,
                    0.5824590921401978,
                    0.9209486246109009
                ],
                [
                    0.0,
                    0.0,
                    0.0,
                    1.0
                ]
            ]
        },
        {
            "file_path": "train/shape09135_rank02_23",
            "rotation": 0.06283185307179587,
            "transform_matrix": [
                [
                    -0.12533290684223175,
                    0.5778660774230957,
                    -0.8064504265785217,
                    -1.275110125541687
                ],
                [
                    -0.992114782333374,
                    -0.07300127297639847,
                    0.1018781065940857,
                    0.1610834300518036
                ],
                [
                    -7.450581485102248e-09,
                    0.8128599524497986,
                    0.582459032535553,
                    0.9209486246109009
                ],
                [
                    0.0,
                    0.0,
                    0.0,
                    1.0
                ]
            ]
        },
        {
            "file_path": "train/shape09135_rank02_71",
            "rotation": 0.06283185307179587,
            "transform_matrix": [
                [
                    0.24868860840797424,
                    -0.564160168170929,
                    0.7873227596282959,
                    1.2448667287826538
                ],
                [
                    0.9685835838317871,
                    0.14485090970993042,
                    -0.20214900374412537,
                    -0.3196256756782532
                ],
                [
                    0.0,
                    0.8128600120544434,
                    0.5824589729309082,
                    0.9209486246109009
                ],
                [
                    0.0,
                    0.0,
                    0.0,
                    1.0
                ]
            ]
        },
        {
            "file_path": "train/shape09135_rank02_98",
            "rotation": 0.06283185307179587,
            "transform_matrix": [
                [
                    -0.9921150207519531,
                    -0.07300028204917908,
                    0.10187673568725586,
                    0.16108126938343048
                ],
                [
                    0.12533122301101685,
                    -0.5778661966323853,
                    0.8064506649971008,
                    1.2751104831695557
                ],
                [
                    -3.725290742551124e-09,
                    0.8128600120544434,
                    0.582459032535553,
                    0.9209486246109009
                ],
                [
                    0.0,
                    0.0,
                    0.0,
                    1.0
                ]
            ]
        },
        {
            "file_path": "train/shape09135_rank02_66",
            "rotation": 0.06283185307179587,
            "transform_matrix": [
                [
                    0.535825788974762,
                    -0.49178674817085266,
                    0.686320960521698,
                    1.085168719291687
                ],
                [
                    0.8443286418914795,
                    0.3120965361595154,
                    -0.43555137515068054,
                    -0.6886671781539917
                ],
                [
                    0.0,
                    0.8128599524497986,
                    0.582459032535553,
                    0.9209486246109009
                ],
                [
                    0.0,
                    0.0,
                    0.0,
                    1.0
                ]
            ]
        },
        {
            "file_path": "train/shape09135_rank02_75",
            "rotation": 0.06283185307179587,
            "transform_matrix": [
                [
                    -1.442436655452184e-06,
                    -0.5824589729309082,
                    0.8128600120544434,
                    1.2852445840835571
                ],
                [
                    1.0,
                    -8.401601689911331e-07,
                    1.172498969026492e-06,
                    1.8538836457082652e-06
                ],
                [
                    0.0,
                    0.8128599524497986,
                    0.582459032535553,
                    0.9209486246109009
                ],
                [
                    0.0,
                    0.0,
                    0.0,
                    1.0
                ]
            ]
        },
        {
            "file_path": "train/shape09135_rank02_60",
            "rotation": 0.06283185307179587,
            "transform_matrix": [
                [
                    0.809016227722168,
                    -0.3423614203929901,
                    0.47778797149658203,
                    0.7554491758346558
                ],
                [
                    0.5877862572669983,
                    0.4712187945842743,
                    -0.657616913318634,
                    -1.0397837162017822
                ],
                [
                    0.0,
                    0.8128600120544434,
                    0.5824589729309082,
                    0.9209486246109009
                ],
                [
                    0.0,
                    0.0,
                    0.0,
                    1.0
                ]
            ]
        },
        {
            "file_path": "train/shape09135_rank02_38",
            "rotation": 0.06283185307179587,
            "transform_matrix": [
                [
                    0.7289690971374512,
                    0.39872026443481445,
                    -0.5564405918121338,
                    -0.8798097968101501
                ],
                [
                    -0.6845465898513794,
                    0.42459458112716675,
                    -0.5925499200820923,
                    -0.9369036555290222
                ],
                [
                    0.0,
                    0.8128600120544434,
                    0.582459032535553,
                    0.9209486246109009
                ],
                [
                    0.0,
                    0.0,
                    0.0,
                    1.0
                ]
            ]
        },
        {
            "file_path": "train/shape09135_rank02_22",
            "rotation": 0.06283185307179587,
            "transform_matrix": [
                [
                    -0.18738102912902832,
                    0.5721420049667358,
                    -0.7984620928764343,
                    -1.2624794244766235
                ],
                [
                    -0.9822874069213867,
                    -0.1091417446732521,
                    0.15231452882289886,
                    0.2408304214477539
                ],
                [
                    0.0,
                    0.8128599524497986,
                    0.582459032535553,
                    0.9209486246109009
                ],
                [
                    0.0,
                    0.0,
                    0.0,
                    1.0
                ]
            ]
        },
        {
            "file_path": "train/shape09135_rank02_89",
            "rotation": 0.06283185307179587,
            "transform_matrix": [
                [
                    -0.7705144286155701,
                    -0.3712725043296814,
                    0.5181353688240051,
                    0.8192439675331116
                ],
                [
                    0.6374226212501526,
                    -0.4487930238246918,
                    0.6263203620910645,
                    0.9902994632720947
                ],
                [
                    1.4901162970204496e-08,
                    0.8128599524497986,
                    0.582459032535553,
                    0.9209486246109009
                ],
                [
                    0.0,
                    0.0,
                    0.0,
                    1.0
                ]
            ]
        },
        {
            "file_path": "train/shape09135_rank02_87",
            "rotation": 0.06283185307179587,
            "transform_matrix": [
                [
                    -0.6845483779907227,
                    -0.42459359765052795,
                    0.5925484895706177,
                    0.9369013905525208
                ],
                [
                    0.7289674282073975,
                    -0.3987213373184204,
                    0.5564420223236084,
                    0.8798121213912964
                ],
                [
                    0.0,
                    0.8128599524497986,
                    0.582459032535553,
                    0.9209486246109009
                ],
                [
                    0.0,
                    0.0,
                    0.0,
                    1.0
                ]
            ]
        },
        {
            "file_path": "train/shape09135_rank02_36",
            "rotation": 0.06283185307179587,
            "transform_matrix": [
                [
                    0.6374245285987854,
                    0.44879209995269775,
                    -0.6263191103935242,
                    -0.9902974367141724
                ],
                [
                    -0.7705128788948059,
                    0.37127360701560974,
                    -0.5181369185447693,
                    -0.8192464113235474
                ],
                [
                    1.4901162970204496e-08,
                    0.8128599524497986,
                    0.582459032535553,
                    0.9209486246109009
                ],
                [
                    0.0,
                    0.0,
                    0.0,
                    1.0
                ]
            ]
        },
        {
            "file_path": "train/shape09135_rank02_76",
            "rotation": 0.06283185307179587,
            "transform_matrix": [
                [
                    -0.06279198825359344,
                    -0.5813094973564148,
                    0.8112560510635376,
                    1.2827084064483643
                ],
                [
                    0.9980266690254211,
                    -0.036573752760887146,
                    0.051041100174188614,
                    0.08070306479930878
                ],
                [
                    1.862645149230957e-09,
                    0.8128600120544434,
                    0.582459032535553,
                    0.9209486246109009
                ],
                [
                    0.0,
                    0.0,
                    0.0,
                    1.0
                ]
            ]
        }
    ]
}