{
    "shape09163_rank00_95.png": {
        "K": [
            274.49688720703125,
            0.0,
            128.0,
            0.0,
            0.0,
            274.49688720703125,
            128.0,
            0.0,
            0.0,
            0.0,
            1.0,
            0.0,
            0.0,
            0.0,
            0.0,
            1.0
        ],
        "W2C": [
            -0.9510570629212123,
            0.3090150904782858,
            6.81599636931088e-10,
            1.1336660728549244e-08,
            0.1799886465815742,
            0.5539518411891883,
            -0.8128600982431922,
            1.3279122182898375e-08,
            -0.25118603242028176,
            -0.7730763455524909,
            -0.5824590431134822,
            1.5811388653512197,
            0.0,
            0.0,
            0.0,
            1.0
        ],
        "img_size": [
            256,
            256
        ]
    },
    "shape09163_rank00_47.png": {
        "K": [
            274.49688720703125,
            0.0,
            128.0,
            0.0,
            0.0,
            274.49688720703125,
            128.0,
            0.0,
            0.0,
            0.0,
            1.0,
            0.0,
            0.0,
            0.0,
            0.0,
            1.0
        ],
        "W2C": [
            0.9822874528512033,
            -0.18738037733451304,
            3.942077601201198e-09,
            -8.397985228395945e-09,
            -0.10914139846005437,
            -0.5721422115412983,
            -0.812860089369732,
            -6.215144658551608e-09,
            0.15231402298231744,
            0.7984622076264701,
            -0.5824590554969814,
            1.5811388925567555,
            0.0,
            0.0,
            0.0,
            1.0
        ],
        "img_size": [
            256,
            256
        ]
    },
    "shape09163_rank00_76.png": {
        "K": [
            274.49688720703125,
            0.0,
            128.0,
            0.0,
            0.0,
            274.49688720703125,
            128.0,
            0.0,
            0.0,
            0.0,
            1.0,
            0.0,
            0.0,
            0.0,
            0.0,
            1.0
        ],
        "W2C": [
            -0.06279198397674957,
            0.9980266032894368,
            1.9304730165905324e-09,
            -1.7100202492195066e-09,
            0.5813096184809468,
            0.03657376038364831,
            -0.8128601052687657,
            4.70193441905831e-08,
            -0.8112559885877574,
            -0.0510410963976434,
            -0.5824589501266064,
            1.581138818264509,
            0.0,
            0.0,
            0.0,
            1.0
        ],
        "img_size": [
            256,
            256
        ]
    },
    "shape09163_rank00_31.png": {
        "K": [
            274.49688720703125,
            0.0,
            128.0,
            0.0,
            0.0,
            274.49688720703125,
            128.0,
            0.0,
            0.0,
            0.0,
            1.0,
            0.0,
            0.0,
            0.0,
            0.0,
            1.0
        ],
        "W2C": [
            0.36812502425012406,
            -0.9297762885491863,
            4.826411112052933e-09,
            -3.183389363463655e-08,
            -0.5415565943710982,
            -0.21441773745126572,
            -0.812860104072419,
            3.145742430467515e-08,
            0.7557780161664372,
            0.2992341223912202,
            -0.5824589517961875,
            1.5811388399821966,
            0.0,
            0.0,
            0.0,
            1.0
        ],
        "img_size": [
            256,
            256
        ]
    },
    "shape09163_rank00_80.png": {
        "K": [
            274.49688720703125,
            0.0,
            128.0,
            0.0,
            0.0,
            274.49688720703125,
            128.0,
            0.0,
            0.0,
            0.0,
            1.0,
            0.0,
            0.0,
            0.0,
            0.0,
            1.0
        ],
        "W2C": [
            -0.30901847469877114,
            0.951056011274685,
            -6.660801975433975e-09,
            -3.3742687802989854e-09,
            0.5539512147595156,
            0.1799906015351433,
            -0.8128601068425816,
            2.5113592046592422e-08,
            -0.7730754713285493,
            -0.2511887606869803,
            -0.5824590311124668,
            1.5811388488354363,
            0.0,
            0.0,
            0.0,
            1.0
        ],
        "img_size": [
            256,
            256
        ]
    },
    "shape09163_rank00_41.png": {
        "K": [
            274.49688720703125,
            0.0,
            128.0,
            0.0,
            0.0,
            274.49688720703125,
            128.0,
            0.0,
            0.0,
            0.0,
            1.0,
            0.0,
            0.0,
            0.0,
            0.0,
            1.0
        ],
        "W2C": [
            0.844328393559057,
            -0.5358261061791411,
            1.5313474360718637e-08,
            -1.1248627848758625e-08,
            -0.3120967652661327,
            -0.4917867260489382,
            -0.8128601040523419,
            1.1544258199378814e-08,
            0.43555169505122887,
            0.686320882084416,
            -0.5824590946110815,
            1.5811390295746695,
            0.0,
            0.0,
            0.0,
            1.0
        ],
        "img_size": [
            256,
            256
        ]
    },
    "shape09163_rank00_45.png": {
        "K": [
            274.49688720703125,
            0.0,
            128.0,
            0.0,
            0.0,
            274.49688720703125,
            128.0,
            0.0,
            0.0,
            0.0,
            1.0,
            0.0,
            0.0,
            0.0,
            0.0,
            1.0
        ],
        "W2C": [
            0.9510567508328963,
            -0.30901613838390457,
            -4.101059246434976e-09,
            -2.29763517091268e-08,
            -0.17998926135919002,
            -0.5539516693508882,
            -0.8128601097181818,
            2.3215441834210044e-08,
            0.25118686605193896,
            0.773076113646425,
            -0.582459027099377,
            1.5811388514844307,
            0.0,
            0.0,
            0.0,
            1.0
        ],
        "img_size": [
            256,
            256
        ]
    },
    "shape09163_rank00_29.png": {
        "K": [
            274.49688720703125,
            0.0,
            128.0,
            0.0,
            0.0,
            274.49688720703125,
            128.0,
            0.0,
            0.0,
            0.0,
            1.0,
            0.0,
            0.0,
            0.0,
            0.0,
            1.0
        ],
        "W2C": [
            0.24869035901284062,
            -0.9685830344077819,
            -7.2944613769209434e-09,
            1.1550024948438595e-08,
            -0.5641599706230402,
            -0.1448519421357179,
            -0.8128600943337663,
            1.7039012492905127e-08,
            0.7873224605550257,
            0.2021504553453175,
            -0.5824590485693438,
            1.5811388601040446,
            0.0,
            0.0,
            0.0,
            1.0
        ],
        "img_size": [
            256,
            256
        ]
    },
    "shape09163_rank00_68.png": {
        "K": [
            274.49688720703125,
            0.0,
            128.0,
            0.0,
            0.0,
            274.49688720703125,
            128.0,
            0.0,
            0.0,
            0.0,
            1.0,
            0.0,
            0.0,
            0.0,
            0.0,
            1.0
        ],
        "W2C": [
            0.42577813840032197,
            0.904827589728276,
            2.119488694969818e-09,
            2.8054616949400862e-09,
            0.5270249790491589,
            -0.24799831722408056,
            -0.8128600820947194,
            1.2345900345393796e-08,
            -0.7354982619296785,
            0.34609807605112114,
            -0.5824590420721655,
            1.581139028455924,
            0.0,
            0.0,
            0.0,
            1.0
        ],
        "img_size": [
            256,
            256
        ]
    },
    "shape09163_rank00_91.png": {
        "K": [
            274.49688720703125,
            0.0,
            128.0,
            0.0,
            0.0,
            274.49688720703125,
            128.0,
            0.0,
            0.0,
            0.0,
            1.0,
            0.0,
            0.0,
            0.0,
            0.0,
            1.0
        ],
        "W2C": [
            -0.8443289656941962,
            0.5358252190882414,
            1.2970594236442978e-09,
            1.886908930220814e-08,
            0.31209622084028726,
            0.491787068028943,
            -0.812860102369662,
            1.5508893493379747e-08,
            -0.4355508690972133,
            -0.6863213028151044,
            -0.5824590373547213,
            1.581138862239427,
            0.0,
            0.0,
            0.0,
            1.0
        ],
        "img_size": [
            256,
            256
        ]
    },
    "shape09163_rank00_71.png": {
        "K": [
            274.49688720703125,
            0.0,
            128.0,
            0.0,
            0.0,
            274.49688720703125,
            128.0,
            0.0,
            0.0,
            0.0,
            1.0,
            0.0,
            0.0,
            0.0,
            0.0,
            1.0
        ],
        "W2C": [
            0.2486885853391627,
            0.9685834644352244,
            -2.2467655384639596e-09,
            6.232981982878952e-10,
            0.5641602471211933,
            -0.14485092391074353,
            -0.8128601016280584,
            -3.175126625335572e-09,
            -0.7873228496075889,
            0.2021490219554579,
            -0.5824590383896779,
            1.5811388883142097,
            0.0,
            0.0,
            0.0,
            1.0
        ],
        "img_size": [
            256,
            256
        ]
    },
    "shape09163_rank00_12.png": {
        "K": [
            274.49688720703125,
            0.0,
            128.0,
            0.0,
            0.0,
            274.49688720703125,
            128.0,
            0.0,
            0.0,
            0.0,
            1.0,
            0.0,
            0.0,
            0.0,
            0.0,
            1.0
        ],
        "W2C": [
            -0.7289685570265125,
            -0.68454717197821,
            4.716241731201186e-09,
            -3.2498520262391733e-08,
            -0.3987207007748666,
            0.42459433235738514,
            -0.8128601011027927,
            2.251472055065758e-09,
            0.5564410465527995,
            -0.5925494066352306,
            -0.5824590391227209,
            1.5811388807410331,
            0.0,
            0.0,
            0.0,
            1.0
        ],
        "img_size": [
            256,
            256
        ]
    },
    "shape09163_rank00_61.png": {
        "K": [
            274.49688720703125,
            0.0,
            128.0,
            0.0,
            0.0,
            274.49688720703125,
            128.0,
            0.0,
            0.0,
            0.0,
            1.0,
            0.0,
            0.0,
            0.0,
            0.0,
            1.0
        ],
        "W2C": [
            0.7705124550870608,
            0.6374250741187478,
            1.1574353670794296e-08,
            -4.501207506641437e-09,
            0.37127396319627565,
            -0.4487919290656129,
            -0.8128600930723122,
            2.3102501998228932e-08,
            -0.5181373132552534,
            0.6263187494614799,
            -0.5824590503297865,
            1.581138851642045,
            0.0,
            0.0,
            0.0,
            1.0
        ],
        "img_size": [
            256,
            256
        ]
    },
    "shape09163_rank00_27.png": {
        "K": [
            274.49688720703125,
            0.0,
            128.0,
            0.0,
            0.0,
            274.49688720703125,
            128.0,
            0.0,
            0.0,
            0.0,
            1.0,
            0.0,
            0.0,
            0.0,
            0.0,
            1.0
        ],
        "W2C": [
            0.12533368963354444,
            -0.9921146848813307,
            -2.2630814512278566e-09,
            2.132087080333237e-09,
            -0.5778661583804834,
            -0.07300173777919075,
            -0.8128600891045605,
            1.5897783642187616e-08,
            0.8064503523197375,
            0.10187874825940041,
            -0.5824590558670457,
            1.5811388616967048,
            0.0,
            0.0,
            0.0,
            1.0
        ],
        "img_size": [
            256,
            256
        ]
    },
    "shape09163_rank00_2.png": {
        "K": [
            274.49688720703125,
            0.0,
            128.0,
            0.0,
            0.0,
            274.49688720703125,
            128.0,
            0.0,
            0.0,
            0.0,
            1.0,
            0.0,
            0.0,
            0.0,
            0.0,
            1.0
        ],
        "W2C": [
            -0.9921147349863232,
            -0.1253332533276673,
            -5.964269640494851e-09,
            2.9107070458076184e-09,
            -0.07300148420700173,
            0.5778662024399954,
            -0.8128600609323259,
            1.5955074602146038e-08,
            0.10187840072804501,
            -0.8064504130060904,
            -0.582459095183258,
            1.5811388616167517,
            0.0,
            0.0,
            0.0,
            1.0
        ],
        "img_size": [
            256,
            256
        ]
    },
    "shape09163_rank00_28.png": {
        "K": [
            274.49688720703125,
            0.0,
            128.0,
            0.0,
            0.0,
            274.49688720703125,
            128.0,
            0.0,
            0.0,
            0.0,
            1.0,
            0.0,
            0.0,
            0.0,
            0.0,
            1.0
        ],
        "W2C": [
            0.187381782669243,
            -0.9822871559889872,
            7.647749267959152e-09,
            -9.329616059065637e-09,
            -0.572142043952305,
            -0.10914221500266207,
            -0.8128601125113811,
            3.6226937296708786e-08,
            0.798461976141884,
            0.15231514995638368,
            -0.582459023201283,
            1.5811388333260294,
            0.0,
            0.0,
            0.0,
            1.0
        ],
        "img_size": [
            256,
            256
        ]
    },
    "shape09163_rank00_6.png": {
        "K": [
            274.49688720703125,
            0.0,
            128.0,
            0.0,
            0.0,
            274.49688720703125,
            128.0,
            0.0,
            0.0,
            0.0,
            1.0,
            0.0,
            0.0,
            0.0,
            0.0,
            1.0
        ],
        "W2C": [
            -0.9297765229717698,
            -0.36812460791582774,
            2.9709129590618513e-10,
            1.7402370666414803e-08,
            -0.2144174969767458,
            0.5415567579226838,
            -0.8128601055454837,
            2.7171888221099727e-08,
            0.2992337648512001,
            -0.7557781889944815,
            -0.5824590329226526,
            1.581138845962948,
            0.0,
            0.0,
            0.0,
            1.0
        ],
        "img_size": [
            256,
            256
        ]
    },
    "shape09163_rank00_74.png": {
        "K": [
            274.49688720703125,
            0.0,
            128.0,
            0.0,
            0.0,
            274.49688720703125,
            128.0,
            0.0,
            0.0,
            0.0,
            1.0,
            0.0,
            0.0,
            0.0,
            0.0,
            1.0
        ],
        "W2C": [
            0.0627891017963973,
            0.9980267872136256,
            6.955174712489244e-10,
            5.298710383910456e-10,
            0.5813097298307267,
            -0.03657207987188642,
            -0.8128601084016805,
            3.952687356157296e-08,
            -0.8112561673139868,
            0.051038755804426454,
            -0.5824590885412919,
            1.5811389905230797,
            0.0,
            0.0,
            0.0,
            1.0
        ],
        "img_size": [
            256,
            256
        ]
    },
    "shape09163_rank00_9.png": {
        "K": [
            274.49688720703125,
            0.0,
            128.0,
            0.0,
            0.0,
            274.49688720703125,
            128.0,
            0.0,
            0.0,
            0.0,
            1.0,
            0.0,
            0.0,
            0.0,
            0.0,
            1.0
        ],
        "W2C": [
            -0.8443278907999106,
            -0.5358268749168016,
            -1.3350824241663263e-09,
            3.9016649484932416e-09,
            -0.3120972093740707,
            0.4917864143340013,
            -0.8128601013218195,
            1.833607544124355e-08,
            0.43555224866133413,
            -0.6863203905406807,
            -0.5824590388170546,
            1.5811388582939079,
            0.0,
            0.0,
            0.0,
            1.0
        ],
        "img_size": [
            256,
            256
        ]
    },
    "shape09163_rank00_99.png": {
        "K": [
            274.49688720703125,
            0.0,
            128.0,
            0.0,
            0.0,
            274.49688720703125,
            128.0,
            0.0,
            0.0,
            0.0,
            1.0,
            0.0,
            0.0,
            0.0,
            0.0,
            1.0
        ],
        "W2C": [
            -0.9980268081610824,
            0.06278846217181634,
            -2.78979513458187e-10,
            -1.8128295625816341e-09,
            0.03657170812631811,
            0.5813097878343022,
            -0.8128601004070551,
            1.8007507423678998e-08,
            -0.051038231786020016,
            -0.8112561652437147,
            -0.5824590400936688,
            1.5811388587524462,
            0.0,
            0.0,
            0.0,
            1.0
        ],
        "img_size": [
            256,
            256
        ]
    },
    "shape09163_rank00_21.png": {
        "K": [
            274.49688720703125,
            0.0,
            128.0,
            0.0,
            0.0,
            274.49688720703125,
            128.0,
            0.0,
            0.0,
            0.0,
            1.0,
            0.0,
            0.0,
            0.0,
            0.0,
            1.0
        ],
        "W2C": [
            -0.24868956002833248,
            -0.96858313282746,
            4.372903501829364e-09,
            5.355917989404764e-09,
            -0.5641600749250495,
            0.14485149663345667,
            -0.8128600982574369,
            4.1157262259203576e-08,
            0.7873226092965084,
            -0.20214982122779376,
            -0.5824590430936026,
            1.5811388264454358,
            0.0,
            0.0,
            0.0,
            1.0
        ],
        "img_size": [
            256,
            256
        ]
    },
    "shape09163_rank00_85.png": {
        "K": [
            274.49688720703125,
            0.0,
            128.0,
            0.0,
            0.0,
            274.49688720703125,
            128.0,
            0.0,
            0.0,
            0.0,
            1.0,
            0.0,
            0.0,
            0.0,
            0.0,
            1.0
        ],
        "W2C": [
            -0.5877865905917741,
            0.8090159775182728,
            -1.817622333691375e-08,
            1.109819721293026e-08,
            0.47121872437773044,
            0.3423616070728396,
            -0.8128600986439851,
            9.072219425865857e-09,
            -0.6576167920224906,
            -0.47778825396750635,
            -0.5824590425541483,
            1.5811388712222298,
            0.0,
            0.0,
            0.0,
            1.0
        ],
        "img_size": [
            256,
            256
        ]
    },
    "shape09163_rank00_7.png": {
        "K": [
            274.49688720703125,
            0.0,
            128.0,
            0.0,
            0.0,
            274.49688720703125,
            128.0,
            0.0,
            0.0,
            0.0,
            1.0,
            0.0,
            0.0,
            0.0,
            0.0,
            1.0
        ],
        "W2C": [
            -0.9048270357221491,
            -0.42577929343333143,
            -9.076428808862913e-10,
            -7.1999852579920985e-09,
            -0.24799901168392166,
            0.527024703726308,
            -0.812860092430104,
            4.703366338111834e-08,
            0.3460989844201236,
            -0.7354977485009765,
            -0.5824590512260303,
            1.5811388182445303,
            0.0,
            0.0,
            0.0,
            1.0
        ],
        "img_size": [
            256,
            256
        ]
    },
    "shape09163_rank00_18.png": {
        "K": [
            274.49688720703125,
            0.0,
            128.0,
            0.0,
            0.0,
            274.49688720703125,
            128.0,
            0.0,
            0.0,
            0.0,
            1.0,
            0.0,
            0.0,
            0.0,
            0.0,
            1.0
        ],
        "W2C": [
            -0.4257790547346008,
            -0.9048271410271544,
            -5.477803907725043e-09,
            2.7878943407280294e-08,
            -0.5270247786402622,
            0.24799887539328402,
            -0.8128600877116466,
            4.123454217218903e-08,
            0.7354979283138809,
            -0.34609882963479704,
            -0.5824591174156024,
            1.5811389881399152,
            0.0,
            0.0,
            0.0,
            1.0
        ],
        "img_size": [
            256,
            256
        ]
    },
    "shape09163_rank00_0.png": {
        "K": [
            274.49688720703125,
            0.0,
            128.0,
            0.0,
            0.0,
            274.49688720703125,
            128.0,
            0.0,
            0.0,
            0.0,
            1.0,
            0.0,
            0.0,
            0.0,
            0.0,
            1.0
        ],
        "W2C": [
            -1.0,
            -0.0,
            -0.0,
            -0.0,
            -0.0,
            0.5824590769309321,
            -0.812860074011124,
            -6.914128422430617e-09,
            -0.0,
            -0.8128600740111243,
            -0.582459076930932,
            1.5811388935322335,
            0.0,
            0.0,
            0.0,
            1.0
        ],
        "img_size": [
            256,
            256
        ]
    },
    "shape09163_rank00_4.png": {
        "K": [
            274.49688720703125,
            0.0,
            128.0,
            0.0,
            0.0,
            274.49688720703125,
            128.0,
            0.0,
            0.0,
            0.0,
            1.0,
            0.0,
            0.0,
            0.0,
            0.0,
            1.0
        ],
        "W2C": [
            -0.9685832271883164,
            -0.2486898826779009,
            2.5392419448978902e-09,
            -1.5484709581317523e-08,
            -0.1448516658641172,
            0.5641600299539644,
            -0.8128601554949827,
            3.964250327587315e-08,
            0.2021500450106223,
            -0.7873225497175322,
            -0.5824589632148306,
            1.5811388285593817,
            0.0,
            0.0,
            0.0,
            1.0
        ],
        "img_size": [
            256,
            256
        ]
    },
    "shape09163_rank00_46.png": {
        "K": [
            274.49688720703125,
            0.0,
            128.0,
            0.0,
            0.0,
            274.49688720703125,
            128.0,
            0.0,
            0.0,
            0.0,
            1.0,
            0.0,
            0.0,
            0.0,
            0.0,
            1.0
        ],
        "W2C": [
            0.9685833278155631,
            -0.24868894725466625,
            6.946144658725492e-09,
            -1.054406611209846e-08,
            -0.1448511392005789,
            -0.5641601625549743,
            -0.8128600821255754,
            1.3508328223585356e-08,
            0.2021493347963565,
            0.7873227284087213,
            -0.58245906560668,
            1.5811388650313474,
            0.0,
            0.0,
            0.0,
            1.0
        ],
        "img_size": [
            256,
            256
        ]
    },
    "shape09163_rank00_75.png": {
        "K": [
            274.49688720703125,
            0.0,
            128.0,
            0.0,
            0.0,
            274.49688720703125,
            128.0,
            0.0,
            0.0,
            0.0,
            1.0,
            0.0,
            0.0,
            0.0,
            0.0,
            1.0
        ],
        "W2C": [
            -1.442436548351516e-06,
            0.9999999999979193,
            3.615143659842728e-14,
            8.265494250530163e-14,
            0.5824590769297201,
            8.401603228642717e-07,
            -0.812860074011124,
            -6.914128422430617e-09,
            -0.8128600740094328,
            -1.172499166504781e-06,
            -0.582459076930932,
            1.5811388935322335,
            0.0,
            0.0,
            0.0,
            1.0
        ],
        "img_size": [
            256,
            256
        ]
    },
    "shape09163_rank00_53.png": {
        "K": [
            274.49688720703125,
            0.0,
            128.0,
            0.0,
            0.0,
            274.49688720703125,
            128.0,
            0.0,
            0.0,
            0.0,
            1.0,
            0.0,
            0.0,
            0.0,
            0.0,
            1.0
        ],
        "W2C": [
            0.9822870973070736,
            0.18738241671314715,
            -6.017906824759309e-10,
            1.2002630313109667e-10,
            0.10914257300956368,
            -0.5721419834174731,
            -0.8128601009851012,
            -3.80183608150262e-09,
            -0.1523156621436575,
            0.79846188926462,
            -0.5824590392869672,
            1.581138889188824,
            0.0,
            0.0,
            0.0,
            1.0
        ],
        "img_size": [
            256,
            256
        ]
    },
    "shape09163_rank00_98.png": {
        "K": [
            274.49688720703125,
            0.0,
            128.0,
            0.0,
            0.0,
            274.49688720703125,
            128.0,
            0.0,
            0.0,
            0.0,
            1.0,
            0.0,
            0.0,
            0.0,
            0.0,
            1.0
        ],
        "W2C": [
            -0.9921148928344122,
            0.12533119944009938,
            -4.1628177729552195e-09,
            3.871429453260566e-09,
            0.07300030053089324,
            0.5778663122245246,
            -0.8128600942698343,
            1.2155980187312297e-08,
            -0.1018767372641584,
            -0.8064506277571092,
            -0.5824589654763422,
            1.5811388669186375,
            0.0,
            0.0,
            0.0,
            1.0
        ],
        "img_size": [
            256,
            256
        ]
    },
    "shape09163_rank00_48.png": {
        "K": [
            274.49688720703125,
            0.0,
            128.0,
            0.0,
            0.0,
            274.49688720703125,
            128.0,
            0.0,
            0.0,
            0.0,
            1.0,
            0.0,
            0.0,
            0.0,
            0.0,
            1.0
        ],
        "W2C": [
            0.9921147488521223,
            -0.12533223976006563,
            2.6605209360713606e-09,
            8.282836293527404e-09,
            -0.07300090214701639,
            -0.5778662441235658,
            -0.812860093390969,
            4.1145957901170475e-08,
            0.1018775820795651,
            0.8064504719798757,
            -0.5824590498850799,
            1.5811388264612118,
            0.0,
            0.0,
            0.0,
            1.0
        ],
        "img_size": [
            256,
            256
        ]
    },
    "shape09163_rank00_84.png": {
        "K": [
            274.49688720703125,
            0.0,
            128.0,
            0.0,
            0.0,
            274.49688720703125,
            128.0,
            0.0,
            0.0,
            0.0,
            1.0,
            0.0,
            0.0,
            0.0,
            0.0,
            1.0
        ],
        "W2C": [
            -0.5358281750733905,
            0.8443269705486182,
            1.7203152849094616e-08,
            -2.8644746404471893e-09,
            0.49178588909898185,
            0.31209797531173894,
            -0.8128600924498794,
            4.081325976579932e-08,
            -0.6863197215745608,
            -0.4355533279151593,
            -0.5824589680162091,
            1.5811388269255098,
            0.0,
            0.0,
            0.0,
            1.0
        ],
        "img_size": [
            256,
            256
        ]
    },
    "shape09163_rank00_8.png": {
        "K": [
            274.49688720703125,
            0.0,
            128.0,
            0.0,
            0.0,
            274.49688720703125,
            128.0,
            0.0,
            0.0,
            0.0,
            1.0,
            0.0,
            0.0,
            0.0,
            0.0,
            1.0
        ],
        "W2C": [
            -0.8763065874532591,
            -0.4817536420033683,
            3.4925713984050073e-09,
            -1.3680655687260042e-08,
            -0.2806017858687241,
            0.5104127725826622,
            -0.8128600692819455,
            1.4265394418023695e-08,
            0.39159830701024784,
            -0.712314702491904,
            -0.5824590835308127,
            1.5811388639748118,
            0.0,
            0.0,
            0.0,
            1.0
        ],
        "img_size": [
            256,
            256
        ]
    },
    "shape09163_rank00_87.png": {
        "K": [
            274.49688720703125,
            0.0,
            128.0,
            0.0,
            0.0,
            274.49688720703125,
            128.0,
            0.0,
            0.0,
            0.0,
            1.0,
            0.0,
            0.0,
            0.0,
            0.0,
            1.0
        ],
        "W2C": [
            -0.6845484463229877,
            0.7289674889485717,
            7.121348334815172e-09,
            -4.8174950251130714e-08,
            0.4245936999707872,
            0.3987214185861813,
            -0.8128601011468101,
            2.709930687634297e-08,
            -0.5925485240980067,
            -0.5564420483058522,
            -0.5824590390612918,
            1.5811388460642402,
            0.0,
            0.0,
            0.0,
            1.0
        ],
        "img_size": [
            256,
            256
        ]
    },
    "shape09163_rank00_36.png": {
        "K": [
            274.49688720703125,
            0.0,
            128.0,
            0.0,
            0.0,
            274.49688720703125,
            128.0,
            0.0,
            0.0,
            0.0,
            1.0,
            0.0,
            0.0,
            0.0,
            0.0,
            1.0
        ],
        "W2C": [
            0.637424454480781,
            -0.7705127764208385,
            2.745965321218493e-09,
            -2.6119360525011842e-08,
            -0.44879217075671757,
            -0.3712736773541238,
            -0.8128601082893794,
            3.4621142571090744e-08,
            0.626319103064718,
            0.5181368946314913,
            -0.5824590290933652,
            1.5811388355670215,
            0.0,
            0.0,
            0.0,
            1.0
        ],
        "img_size": [
            256,
            256
        ]
    },
    "shape09163_rank00_15.png": {
        "K": [
            274.49688720703125,
            0.0,
            128.0,
            0.0,
            0.0,
            274.49688720703125,
            128.0,
            0.0,
            0.0,
            0.0,
            1.0,
            0.0,
            0.0,
            0.0,
            0.0,
            1.0
        ],
        "W2C": [
            -0.5877850750158655,
            -0.8090169854912276,
            -1.8739178591599833e-09,
            -3.9200235404079806e-08,
            -0.4712193212408228,
            0.3423607582010218,
            -0.81286009882129,
            8.823673207089851e-09,
            0.6576176550592364,
            -0.477787027916447,
            -0.5824590423067088,
            1.5811388715690928,
            0.0,
            0.0,
            0.0,
            1.0
        ],
        "img_size": [
            256,
            256
        ]
    },
    "shape09163_rank00_50.png": {
        "K": [
            274.49688720703125,
            0.0,
            128.0,
            0.0,
            0.0,
            274.49688720703125,
            128.0,
            0.0,
            0.0,
            0.0,
            1.0,
            0.0,
            0.0,
            0.0,
            0.0,
            1.0
        ],
        "W2C": [
            0.9999999999989161,
            1.0410972225099904e-06,
            2.0250478938239522e-14,
            2.6681585850662267e-14,
            6.063966386906442e-07,
            -0.5824590769303007,
            -0.812860074011124,
            -6.914128559012933e-09,
            -8.462664233167988e-07,
            0.8128600740102432,
            -0.582459076930932,
            1.5811388935322337,
            0.0,
            0.0,
            0.0,
            1.0
        ],
        "img_size": [
            256,
            256
        ]
    },
    "shape09163_rank00_57.png": {
        "K": [
            274.49688720703125,
            0.0,
            128.0,
            0.0,
            0.0,
            274.49688720703125,
            128.0,
            0.0,
            0.0,
            0.0,
            1.0,
            0.0,
            0.0,
            0.0,
            0.0,
            1.0
        ],
        "W2C": [
            0.9048265333733613,
            0.42578039828620934,
            -1.1619931750777771e-09,
            4.645209972724037e-09,
            0.24799965680083175,
            -0.5270243973221923,
            -0.8128600920043638,
            9.303283236512402e-09,
            -0.3460998847233381,
            0.7354973208938157,
            -0.5824590518201788,
            1.5811388708997653,
            0.0,
            0.0,
            0.0,
            1.0
        ],
        "img_size": [
            256,
            256
        ]
    },
    "shape09163_rank00_59.png": {
        "K": [
            274.49688720703125,
            0.0,
            128.0,
            0.0,
            0.0,
            274.49688720703125,
            128.0,
            0.0,
            0.0,
            0.0,
            1.0,
            0.0,
            0.0,
            0.0,
            0.0,
            1.0
        ],
        "W2C": [
            0.8443272491476105,
            0.5358278715407756,
            -7.108214746184821e-09,
            2.8636589945701805e-08,
            0.31209777226606056,
            -0.49178607884666237,
            -0.8128601051605404,
            1.801165215061914e-08,
            -0.43555303421424696,
            0.686319922345963,
            -0.5824590334598665,
            1.581138858746662,
            0.0,
            0.0,
            0.0,
            1.0
        ],
        "img_size": [
            256,
            256
        ]
    },
    "shape09163_rank00_77.png": {
        "K": [
            274.49688720703125,
            0.0,
            128.0,
            0.0,
            0.0,
            274.49688720703125,
            128.0,
            0.0,
            0.0,
            0.0,
            1.0,
            0.0,
            0.0,
            0.0,
            0.0,
            1.0
        ],
        "W2C": [
            -0.12533471070989646,
            0.9921144837201772,
            -3.478497862138341e-10,
            -1.087080862265408e-08,
            0.5778661029988822,
            0.0730023457730183,
            -0.8128601050885751,
            4.425558659991031e-08,
            -0.8064502758326679,
            -0.10187959040953867,
            -0.5824590335602986,
            1.58113882212152,
            0.0,
            0.0,
            0.0,
            1.0
        ],
        "img_size": [
            256,
            256
        ]
    }
}