{
    "camera_angle_x": 0.8726646304130554,
    "frames": [
        {
            "file_path": "train/shape09167_rank03_7",
            "rotation": 0.06283185307179587,
            "transform_matrix": [
                [
                    -0.9048270583152771,
                    0.24799899756908417,
                    -0.34609898924827576,
                    -0.5472305417060852
                ],
                [
                    -0.4257793128490448,
                    -0.5270246863365173,
                    0.735497772693634,
                    1.16292405128479
                ],
                [
                    0.0,
                    0.8128600120544434,
                    0.582459032535553,
                    0.9209486246109009
                ],
                [
                    0.0,
                    0.0,
                    0.0,
                    1.0
                ]
            ]
        },
        {
            "file_path": "train/shape09167_rank03_94",
            "rotation": 0.06283185307179587,
            "transform_matrix": [
                [
                    -0.9297771453857422,
                    -0.21441642940044403,
                    0.29923227429389954,
                    0.4731278121471405
                ],
                [
                    0.36812275648117065,
                    -0.5415570735931396,
                    0.7557786703109741,
                    1.194991111755371
                ],
                [
                    -1.4901161193847656e-08,
                    0.8128600120544434,
                    0.5824589729309082,
                    0.9209486246109009
                ],
                [
                    0.0,
                    0.0,
                    0.0,
                    1.0
                ]
            ]
        },
        {
            "file_path": "train/shape09167_rank03_63",
            "rotation": 0.06283185307179587,
            "transform_matrix": [
                [
                    0.6845459938049316,
                    -0.424594908952713,
                    0.5925503373146057,
                    0.9369043111801147
                ],
                [
                    0.7289695739746094,
                    0.39871999621391296,
                    -0.5564401745796204,
                    -0.8798091411590576
                ],
                [
                    0.0,
                    0.8128600716590881,
                    0.582459032535553,
                    0.9209486246109009
                ],
                [
                    0.0,
                    0.0,
                    0.0,
                    1.0
                ]
            ]
        },
        {
            "file_path": "train/shape09167_rank03_88",
            "rotation": 0.06283185307179587,
            "transform_matrix": [
                [
                    -0.7289696931838989,
                    -0.3987199068069458,
                    0.556439995765686,
                    0.8798088431358337
                ],
                [
                    0.6845458149909973,
                    -0.42459502816200256,
                    0.5925503969192505,
                    0.9369044899940491
                ],
                [
                    1.4901161193847656e-08,
                    0.8128600120544434,
                    0.582459032535553,
                    0.9209486246109009
                ],
                [
                    0.0,
                    0.0,
                    0.0,
                    1.0
                ]
            ]
        },
        {
            "file_path": "train/shape09167_rank03_36",
            "rotation": 0.06283185307179587,
            "transform_matrix": [
                [
                    0.6374244689941406,
                    0.44879212975502014,
                    -0.6263191103935242,
                    -0.9902974367141724
                ],
                [
                    -0.7705128192901611,
                    0.37127363681793213,
                    -0.5181369185447693,
                    -0.8192464113235474
                ],
                [
                    1.4901161193847656e-08,
                    0.8128600120544434,
                    0.582459032535553,
                    0.9209486246109009
                ],
                [
                    0.0,
                    0.0,
                    0.0,
                    1.0
                ]
            ]
        },
        {
            "file_path": "train/shape09167_rank03_8",
            "rotation": 0.06283185307179587,
            "transform_matrix": [
                [
                    -0.8763066530227661,
                    0.2806017994880676,
                    -0.39159828424453735,
                    -0.6191713213920593
                ],
                [
                    -0.4817536473274231,
                    -0.5104127526283264,
                    0.7123146057128906,
                    1.1262683868408203
                ],
                [
                    0.0,
                    0.8128600120544434,
                    0.5824589729309082,
                    0.9209486246109009
                ],
                [
                    0.0,
                    0.0,
                    0.0,
                    1.0
                ]
            ]
        },
        {
            "file_path": "train/shape09167_rank03_74",
            "rotation": 0.06283185307179587,
            "transform_matrix": [
                [
                    0.06278909742832184,
                    -0.5813097357749939,
                    0.8112561702728271,
                    1.2827086448669434
                ],
                [
                    0.9980267286300659,
                    0.03657208010554314,
                    -0.05103875696659088,
                    -0.0806993618607521
                ],
                [
                    0.0,
                    0.8128600120544434,
                    0.582459032535553,
                    0.9209486246109009
                ],
                [
                    0.0,
                    0.0,
                    0.0,
                    1.0
                ]
            ]
        },
        {
            "file_path": "train/shape09167_rank03_80",
            "rotation": 0.06283185307179587,
            "transform_matrix": [
                [
                    -0.30901843309402466,
                    -0.5539511442184448,
                    0.7730754613876343,
                    1.2223396301269531
                ],
                [
                    0.9510559439659119,
                    -0.17999058961868286,
                    0.2511887848377228,
                    0.39716434478759766
                ],
                [
                    0.0,
                    0.8128600120544434,
                    0.582459032535553,
                    0.9209486246109009
                ],
                [
                    0.0,
                    0.0,
                    0.0,
                    1.0
                ]
            ]
        },
        {
            "file_path": "train/shape09167_rank03_84",
            "rotation": 0.06283185307179587,
            "transform_matrix": [
                [
                    -0.5358282327651978,
                    -0.49178585410118103,
                    0.6863197684288025,
                    1.0851668119430542
                ],
                [
                    0.8443270921707153,
                    -0.31209796667099,
                    0.4355533719062805,
                    0.6886703372001648
                ],
                [
                    1.4901161193847656e-08,
                    0.8128600716590881,
                    0.582459032535553,
                    0.9209486246109009
                ],
                [
                    0.0,
                    0.0,
                    0.0,
                    1.0
                ]
            ]
        },
        {
            "file_path": "train/shape09167_rank03_2",
            "rotation": 0.06283185307179587,
            "transform_matrix": [
                [
                    -0.9921146035194397,
                    0.07300148159265518,
                    -0.10187838971614838,
                    -0.1610838770866394
                ],
                [
                    -0.1253332495689392,
                    -0.5778661966323853,
                    0.806450366973877,
                    1.2751100063323975
                ],
                [
                    -7.450580596923828e-09,
                    0.8128600120544434,
                    0.582459032535553,
                    0.9209486246109009
                ],
                [
                    0.0,
                    0.0,
                    0.0,
                    1.0
                ]
            ]
        },
        {
            "file_path": "train/shape09167_rank03_42",
            "rotation": 0.06283185307179587,
            "transform_matrix": [
                [
                    0.8763070702552795,
                    0.2806013524532318,
                    -0.3915976881980896,
                    -0.6191703677177429
                ],
                [
                    -0.4817529618740082,
                    0.5104129314422607,
                    -0.7123149633407593,
                    -1.126268982887268
                ],
                [
                    -2.9802322387695312e-08,
                    0.8128600120544434,
                    0.5824589729309082,
                    0.9209486246109009
                ],
                [
                    0.0,
                    0.0,
                    0.0,
                    1.0
                ]
            ]
        },
        {
            "file_path": "train/shape09167_rank03_99",
            "rotation": 0.06283185307179587,
            "transform_matrix": [
                [
                    -0.9980269074440002,
                    -0.03657170757651329,
                    0.0510382317006588,
                    0.08069853484630585
                ],
                [
                    0.0627884641289711,
                    -0.5813097357749939,
                    0.8112561106681824,
                    1.2827086448669434
                ],
                [
                    0.0,
                    0.8128600120544434,
                    0.5824589729309082,
                    0.9209486246109009
                ],
                [
                    0.0,
                    0.0,
                    0.0,
                    1.0
                ]
            ]
        },
        {
            "file_path": "train/shape09167_rank03_32",
            "rotation": 0.06283185307179587,
            "transform_matrix": [
                [
                    0.4257797300815582,
                    0.527024507522583,
                    -0.7354975938796997,
                    -1.162923812866211
                ],
                [
                    -0.9048267006874084,
                    0.24799926578998566,
                    -0.3460994064807892,
                    -0.5472311973571777
                ],
                [
                    0.0,
                    0.8128600716590881,
                    0.582459032535553,
                    0.9209486246109009
                ],
                [
                    0.0,
                    0.0,
                    0.0,
                    1.0
                ]
            ]
        },
        {
            "file_path": "train/shape09167_rank03_82",
            "rotation": 0.06283185307179587,
            "transform_matrix": [
                [
                    -0.4257807433605194,
                    -0.5270242691040039,
                    0.735497236251831,
                    1.1629230976104736
                ],
                [
                    0.9048263430595398,
                    -0.24799984693527222,
                    0.34610018134117126,
                    0.5472323894500732
                ],
                [
                    1.4901160305669237e-08,
                    0.8128600120544434,
                    0.5824590921401978,
                    0.9209486246109009
                ],
                [
                    0.0,
                    0.0,
                    0.0,
                    1.0
                ]
            ]
        },
        {
            "file_path": "train/shape09167_rank03_77",
            "rotation": 0.06283185307179587,
            "transform_matrix": [
                [
                    -0.1253347098827362,
                    -0.5778660178184509,
                    0.8064501881599426,
                    1.2751097679138184
                ],
                [
                    0.9921144247055054,
                    -0.07300233095884323,
                    0.10187957435846329,
                    0.16108576953411102
                ],
                [
                    0.0,
                    0.8128600120544434,
                    0.5824589729309082,
                    0.9209486246109009
                ],
                [
                    0.0,
                    0.0,
                    0.0,
                    1.0
                ]
            ]
        },
        {
            "file_path": "train/shape09167_rank03_10",
            "rotation": 0.06283185307179587,
            "transform_matrix": [
                [
                    -0.8090169429779053,
                    0.34236085414886475,
                    -0.47778716683387756,
                    -0.7554478645324707
                ],
                [
                    -0.5877852439880371,
                    -0.4712192118167877,
                    0.6576175689697266,
                    1.0397846698760986
                ],
                [
                    1.4901161193847656e-08,
                    0.8128600120544434,
                    0.582459032535553,
                    0.9209486246109009
                ],
                [
                    0.0,
                    0.0,
                    0.0,
                    1.0
                ]
            ]
        },
        {
            "file_path": "train/shape09167_rank03_19",
            "rotation": 0.06283185307179587,
            "transform_matrix": [
                [
                    -0.3681243062019348,
                    0.5415567755699158,
                    -0.7557782530784607,
                    -1.1949903964996338
                ],
                [
                    -0.9297765493392944,
                    -0.21441732347011566,
                    0.2992335557937622,
                    0.4731297791004181
                ],
                [
                    1.4901161193847656e-08,
                    0.8128600120544434,
                    0.582459032535553,
                    0.9209486246109009
                ],
                [
                    0.0,
                    0.0,
                    0.0,
                    1.0
                ]
            ]
        },
        {
            "file_path": "train/shape09167_rank03_9",
            "rotation": 0.06283185307179587,
            "transform_matrix": [
                [
                    -0.8443278074264526,
                    0.3120971918106079,
                    -0.4355522692203522,
                    -0.6886686086654663
                ],
                [
                    -0.5358268022537231,
                    -0.491786390542984,
                    0.686320424079895,
                    1.0851678848266602
                ],
                [
                    0.0,
                    0.8128600120544434,
                    0.582459032535553,
                    0.9209486246109009
                ],
                [
                    0.0,
                    0.0,
                    0.0,
                    1.0
                ]
            ]
        },
        {
            "file_path": "train/shape09167_rank03_96",
            "rotation": 0.06283185307179587,
            "transform_matrix": [
                [
                    -0.9685834646224976,
                    -0.14485053718090057,
                    0.20214851200580597,
                    0.3196248710155487
                ],
                [
                    0.24868790805339813,
                    -0.5641602277755737,
                    0.787322998046875,
                    1.244866967201233
                ],
                [
                    -7.4505792646561986e-09,
                    0.8128600716590881,
                    0.582459032535553,
                    0.9209486246109009
                ],
                [
                    0.0,
                    0.0,
                    0.0,
                    1.0
                ]
            ]
        },
        {
            "file_path": "train/shape09167_rank03_12",
            "rotation": 0.06283185307179587,
            "transform_matrix": [
                [
                    -0.7289685010910034,
                    0.3987206816673279,
                    -0.5564410090446472,
                    -0.879810631275177
                ],
                [
                    -0.6845471262931824,
                    -0.42459431290626526,
                    0.5925493836402893,
                    0.9369029402732849
                ],
                [
                    0.0,
                    0.8128600120544434,
                    0.5824589729309082,
                    0.9209486246109009
                ],
                [
                    0.0,
                    0.0,
                    0.0,
                    1.0
                ]
            ]
        },
        {
            "file_path": "train/shape09167_rank03_4",
            "rotation": 0.06283185307179587,
            "transform_matrix": [
                [
                    -0.9685831069946289,
                    0.14485163986682892,
                    -0.20215007662773132,
                    -0.3196273446083069
                ],
                [
                    -0.24868984520435333,
                    -0.5641599297523499,
                    0.7873226404190063,
                    1.2448663711547852
                ],
                [
                    7.450580152834618e-09,
                    0.8128600120544434,
                    0.582459032535553,
                    0.9209486246109009
                ],
                [
                    0.0,
                    0.0,
                    0.0,
                    1.0
                ]
            ]
        },
        {
            "file_path": "train/shape09167_rank03_86",
            "rotation": 0.06283185307179587,
            "transform_matrix": [
                [
                    -0.6374252438545227,
                    -0.4487917721271515,
                    0.6263185739517212,
                    0.9902966022491455
                ],
                [
                    0.7705121636390686,
                    -0.37127411365509033,
                    0.5181375741958618,
                    0.8192474842071533
                ],
                [
                    -1.4901161193847656e-08,
                    0.8128600120544434,
                    0.582459032535553,
                    0.9209486246109009
                ],
                [
                    0.0,
                    0.0,
                    0.0,
                    1.0
                ]
            ]
        },
        {
            "file_path": "train/shape09167_rank03_37",
            "rotation": 0.06283185307179587,
            "transform_matrix": [
                [
                    0.6845476031303406,
                    0.42459407448768616,
                    -0.5925490856170654,
                    -0.9369024038314819
                ],
                [
                    -0.72896808385849,
                    0.39872094988822937,
                    -0.5564414262771606,
                    -0.87981116771698
                ],
                [
                    1.4901161193847656e-08,
                    0.8128600120544434,
                    0.582459032535553,
                    0.9209486246109009
                ],
                [
                    0.0,
                    0.0,
                    0.0,
                    1.0
                ]
            ]
        },
        {
            "file_path": "train/shape09167_rank03_49",
            "rotation": 0.06283185307179587,
            "transform_matrix": [
                [
                    0.9980267286300659,
                    0.03657231479883194,
                    -0.05103908106684685,
                    -0.0806998759508133
                ],
                [
                    -0.06278949975967407,
                    0.5813096761703491,
                    -0.8112561106681824,
                    -1.2827085256576538
                ],
                [
                    -1.862645149230957e-09,
                    0.8128600120544434,
                    0.582459032535553,
                    0.9209486246109009
                ],
                [
                    0.0,
                    0.0,
                    0.0,
                    1.0
                ]
            ]
        },
        {
            "file_path": "train/shape09167_rank03_76",
            "rotation": 0.06283185307179587,
            "transform_matrix": [
                [
                    -0.06279198080301285,
                    -0.5813095569610596,
                    0.8112560510635376,
                    1.2827084064483643
                ],
                [
                    0.9980265498161316,
                    -0.036573756486177444,
                    0.051041100174188614,
                    0.08070306479930878
                ],
                [
                    1.8626449271863521e-09,
                    0.8128600716590881,
                    0.582459032535553,
                    0.9209486246109009
                ],
                [
                    0.0,
                    0.0,
                    0.0,
                    1.0
                ]
            ]
        },
        {
            "file_path": "train/shape09167_rank03_75",
            "rotation": 0.06283185307179587,
            "transform_matrix": [
                [
                    -1.4424364280785085e-06,
                    -0.582459032535553,
                    0.8128600120544434,
                    1.2852445840835571
                ],
                [
                    0.9999998807907104,
                    -8.40160225834552e-07,
                    1.172498969026492e-06,
                    1.8538836457082652e-06
                ],
                [
                    0.0,
                    0.8128600120544434,
                    0.582459032535553,
                    0.9209486246109009
                ],
                [
                    0.0,
                    0.0,
                    0.0,
                    1.0
                ]
            ]
        },
        {
            "file_path": "train/shape09167_rank03_31",
            "rotation": 0.06283185307179587,
            "transform_matrix": [
                [
                    0.36812499165534973,
                    0.5415565371513367,
                    -0.7557780742645264,
                    -1.1949900388717651
                ],
                [
                    -0.9297762513160706,
                    0.2144177258014679,
                    -0.29923415184020996,
                    -0.4731307625770569
                ],
                [
                    0.0,
                    0.8128600716590881,
                    0.582459032535553,
                    0.9209486246109009
                ],
                [
                    0.0,
                    0.0,
                    0.0,
                    1.0
                ]
            ]
        },
        {
            "file_path": "train/shape09167_rank03_25",
            "rotation": 0.06283185307179587,
            "transform_matrix": [
                [
                    4.013392072010902e-07,
                    0.582459032535553,
                    -0.8128599524497986,
                    -1.2852445840835571
                ],
                [
                    -0.9999998807907104,
                    2.3376367153105093e-07,
                    -3.262325947162026e-07,
                    -5.158190674592333e-07
                ],
                [
                    1.4210854715202004e-14,
                    0.8128600120544434,
                    0.5824589729309082,
                    0.9209486246109009
                ],
                [
                    0.0,
                    0.0,
                    0.0,
                    1.0
                ]
            ]
        },
        {
            "file_path": "train/shape09167_rank03_39",
            "rotation": 0.06283185307179587,
            "transform_matrix": [
                [
                    0.770513653755188,
                    0.371273010969162,
                    -0.5181360244750977,
                    -0.8192449808120728
                ],
                [
                    -0.6374233961105347,
                    0.4487926661968231,
                    -0.6263198256492615,
                    -0.9902986288070679
                ],
                [
                    0.0,
                    0.8128600120544434,
                    0.582459032535553,
                    0.9209486246109009
                ],
                [
                    0.0,
                    0.0,
                    0.0,
                    1.0
                ]
            ]
        },
        {
            "file_path": "train/shape09167_rank03_98",
            "rotation": 0.06283185307179587,
            "transform_matrix": [
                [
                    -0.9921149015426636,
                    -0.07300028949975967,
                    0.10187672823667526,
                    0.16108126938343048
                ],
                [
                    0.12533120810985565,
                    -0.57786625623703,
                    0.806450605392456,
                    1.2751104831695557
                ],
                [
                    -3.725290298461914e-09,
                    0.8128600716590881,
                    0.5824589729309082,
                    0.9209486246109009
                ],
                [
                    0.0,
                    0.0,
                    0.0,
                    1.0
                ]
            ]
        },
        {
            "file_path": "train/shape09167_rank03_45",
            "rotation": 0.06283185307179587,
            "transform_matrix": [
                [
                    0.9510566592216492,
                    0.17998923361301422,
                    -0.25118687748908997,
                    -0.3971613049507141
                ],
                [
                    -0.30901607871055603,
                    0.5539515614509583,
                    -0.773076057434082,
                    -1.2223405838012695
                ],
                [
                    -1.4901160305669237e-08,
                    0.8128600120544434,
                    0.582459032535553,
                    0.9209486246109009
                ],
                [
                    0.0,
                    0.0,
                    0.0,
                    1.0
                ]
            ]
        },
        {
            "file_path": "train/shape09167_rank03_53",
            "rotation": 0.06283185307179587,
            "transform_matrix": [
                [
                    0.9822869300842285,
                    -0.10914257168769836,
                    0.1523156762123108,
                    0.24083223938941956
                ],
                [
                    0.18738238513469696,
                    0.5721419453620911,
                    -0.7984619140625,
                    -1.2624791860580444
                ],
                [
                    0.0,
                    0.8128600120544434,
                    0.582459032535553,
                    0.9209486246109009
                ],
                [
                    0.0,
                    0.0,
                    0.0,
                    1.0
                ]
            ]
        },
        {
            "file_path": "train/shape09167_rank03_66",
            "rotation": 0.06283185307179587,
            "transform_matrix": [
                [
                    0.5358257293701172,
                    -0.49178677797317505,
                    0.686320960521698,
                    1.085168719291687
                ],
                [
                    0.8443285226821899,
                    0.31209656596183777,
                    -0.43555137515068054,
                    -0.6886671781539917
                ],
                [
                    0.0,
                    0.8128600120544434,
                    0.582459032535553,
                    0.9209486246109009
                ],
                [
                    0.0,
                    0.0,
                    0.0,
                    1.0
                ]
            ]
        },
        {
            "file_path": "train/shape09167_rank03_30",
            "rotation": 0.06283185307179587,
            "transform_matrix": [
                [
                    0.30901750922203064,
                    0.5539513826370239,
                    -0.7730757594108582,
                    -1.2223399877548218
                ],
                [
                    -0.9510562419891357,
                    0.1799900382757187,
                    -0.2511880099773407,
                    -0.397163063287735
                ],
                [
                    0.0,
                    0.8128600120544434,
                    0.5824590921401978,
                    0.9209486246109009
                ],
                [
                    0.0,
                    0.0,
                    0.0,
                    1.0
                ]
            ]
        },
        {
            "file_path": "train/shape09167_rank03_29",
            "rotation": 0.06283185307179587,
            "transform_matrix": [
                [
                    0.24869035184383392,
                    0.5641599297523499,
                    -0.7873224020004272,
                    -1.244866132736206
                ],
                [
                    -0.9685830473899841,
                    0.1448519378900528,
                    -0.20215044915676117,
                    -0.31962794065475464
                ],
                [
                    -7.450580596923828e-09,
                    0.8128600120544434,
                    0.5824589729309082,
                    0.9209486246109009
                ],
                [
                    0.0,
                    0.0,
                    0.0,
                    1.0
                ]
            ]
        },
        {
            "file_path": "train/shape09167_rank03_18",
            "rotation": 0.06283185307179587,
            "transform_matrix": [
                [
                    -0.4257790446281433,
                    0.5270247459411621,
                    -0.7354978322982788,
                    -1.1629241704940796
                ],
                [
                    -0.9048271179199219,
                    -0.24799886345863342,
                    0.34609878063201904,
                    0.5472302436828613
                ],
                [
                    0.0,
                    0.8128600120544434,
                    0.582459032535553,
                    0.9209486246109009
                ],
                [
                    0.0,
                    0.0,
                    0.0,
                    1.0
                ]
            ]
        },
        {
            "file_path": "train/shape09167_rank03_83",
            "rotation": 0.06283185307179587,
            "transform_matrix": [
                [
                    -0.4817550778388977,
                    -0.5104122757911682,
                    0.7123140096664429,
                    1.1262673139572144
                ],
                [
                    0.8763057589530945,
                    -0.2806026339530945,
                    0.39159950613975525,
                    0.6191731691360474
                ],
                [
                    -1.4901159417490817e-08,
                    0.8128600120544434,
                    0.582459032535553,
                    0.9209486246109009
                ],
                [
                    0.0,
                    0.0,
                    0.0,
                    1.0
                ]
            ]
        },
        {
            "file_path": "train/shape09167_rank03_17",
            "rotation": 0.06283185307179587,
            "transform_matrix": [
                [
                    -0.48175349831581116,
                    0.5104127526283264,
                    -0.7123148441314697,
                    -1.1262686252593994
                ],
                [
                    -0.8763067126274109,
                    -0.2806016802787781,
                    0.3915982246398926,
                    0.619171142578125
                ],
                [
                    -1.4901160305669237e-08,
                    0.8128600716590881,
                    0.582459032535553,
                    0.9209486246109009
                ],
                [
                    0.0,
                    0.0,
                    0.0,
                    1.0
                ]
            ]
        },
        {
            "file_path": "train/shape09167_rank03_38",
            "rotation": 0.06283185307179587,
            "transform_matrix": [
                [
                    0.7289690375328064,
                    0.39872029423713684,
                    -0.5564405918121338,
                    -0.8798097968101501
                ],
                [
                    -0.6845465302467346,
                    0.42459461092948914,
                    -0.5925499200820923,
                    -0.9369036555290222
                ],
                [
                    0.0,
                    0.8128600716590881,
                    0.582459032535553,
                    0.9209486246109009
                ],
                [
                    0.0,
                    0.0,
                    0.0,
                    1.0
                ]
            ]
        },
        {
            "file_path": "train/shape09167_rank03_89",
            "rotation": 0.06283185307179587,
            "transform_matrix": [
                [
                    -0.7705143690109253,
                    -0.3712725341320038,
                    0.5181353688240051,
                    0.8192439675331116
                ],
                [
                    0.6374225616455078,
                    -0.44879305362701416,
                    0.6263203620910645,
                    0.9902994632720947
                ],
                [
                    1.4901161193847656e-08,
                    0.8128600120544434,
                    0.582459032535553,
                    0.9209486246109009
                ],
                [
                    0.0,
                    0.0,
                    0.0,
                    1.0
                ]
            ]
        }
    ]
}